754161
294912
489021
22458
274320
289959
142392
17380
977415
781765
292602
362492
274298
795154
64637
761432
740591
434929
572975
975132
604634
433356
708889
322910
171269
198760
715939
739939
890503
85611
602670
564571
525830
598860
129743
400542
293680
834788
924682
173948
538464
404773
862233
793573
593950
684868
130306
324880
917669
894317
463268
329738
651016
332778
718676
640053
796914
534062
84527
22833
739021
512998
691699
709588
838830
520686
165727
384794
99329
308762
528244
678707
526636
134730
670283
794459
261246
797734
470250
719373
767536
872972
74500
243244
529751
324562
407387
318972
845907
34970
404671
52650
347274
246646
932253
541543
992480
376967
728965
614342
