917901
911625
630437
382447
153346
615931
798540
277650
204129
772376
389386
913816
115813
456953
433510
687532
372518
812613
903088
670224
48490
715679
202547
289653
435439
239156
564757
556070
388868
250868
685786
269561
998043
361607
506111
667910
274179
100498
919354
924534
279726
596778
812596
86968
647770
430059
350061
148502
476092
921594
226486
140951
385729
253216
210178
316575
438847
440893
730803
802583
565212
556461
242414
915686
769601
628654
233100
523456
247507
266088
62755
693095
789268
949853
475408
149811
129124
782843
923586
386738
643746
308895
913912
44813
346280
463377
752257
854920
186230
470300
751939
959780
638332
635764
384315
859505
534009
590616
14805
929148
