349235
533906
84996
189832
570823
210110
460688
480897
410325
970032
959883
897456
538285
720678
109118
507345
738695
967886
145408
274950
44728
932988
963416
576285
42255
628021
264216
601259
732842
519064
208667
328223
867777
871840
68475
958957
870649
37546
341276
478815
91297
769144
994664
327749
640281
342937
713971
15908
346040
764150
627631
655532
757478
616287
22396
882482
960677
64503
460434
433963
96095
727189
641636
933641
736163
292638
965270
859728
880222
238647
140985
45288
410465
811161
664778
823714
845237
112759
213124
615687
836315
481815
794565
519853
708454
623894
428992
601404
839706
222543
168948
288294
661694
432594
298741
884618
731663
921618
777717
370946
