906160
475950
678635
436361
601185
245507
560394
114546
236925
826094
4174
576235
447462
812427
188867
230651
835506
823819
272413
426780
656178
497739
856515
919281
678080
67259
719512
683901
816773
615945
283167
379965
300120
942024
162532
429378
259827
153849
552501
197586
327166
246562
401311
95420
793831
621621
475877
446686
561139
203483
778203
113859
812370
422121
426884
816576
397124
520165
169676
590711
671732
89203
364363
239691
871331
497921
583601
309685
490857
144645
379456
226019
80865
300843
665550
569509
839495
610113
983812
510990
626265
826975
72003
244150
637802
531633
357993
413967
736594
953417
330032
503665
659547
674384
118972
555864
105688
217080
582835
697930
161892
306264
885237
889013
491493
391374
110912
60516
25164
118135
383062
90153
697133
667294
830680
135881
485768
158394
348403
822
516738
208048
735918
500800
87311
155038
995062
782046
734670
682643
758744
555810
521247
497251
381422
855972
356677
884114
970575
937012
880681
713634
279512
130053
67074
999435
865556
149714
392730
131914
881972
46903
520045
851942
388911
5122
191217
264801
101284
414072
89847
839140
112968
647918
864799
298358
73760
663298
190517
649355
110827
351526
87407
144271
36444
254677
719001
166215
214730
639842
171497
581722
901822
73522
36151
617704
609219
287587
960852
717420
13932
936049
697564
291388
131257
189569
633697
547739
952909
311302
448856
220111
972874
403774
172431
93766
845704
894623
287852
845649
377675
954349
569144
951875
616332
937203
725383
33801
823488
271667
821692
146887
675015
530192
666232
222883
136645
795795
388025
670889
442027
176513
212122
312282
286737
796755
709594
297966
163992
957948
492018
245982
967207
869137
949720
700810
853579
939181
686003
121355
328324
988093
31050
338103
536868
67904
170943
941979
433000
468884
512340
216972
583717
178661
253759
799849
855377
504661
889628
535474
319081
301971
382133
19558
744402
203665
321631
7679
922174
916878
514702
477326
705430
430599
819093
107339
519334
763328
604415
661144
268505
535862
718094
906893
773687
503403
379983
955430
182617
527860
478455
524748
95078
920148
63142
704104
112763
221537
401160
870757
245281
658315
886249
203344
596544
11252
482934
322674
559225
629551
388617
305084
191446
982530
63053
471626
93856
311073
915436
774300
278224
612654
463224
439190
13334
151084
37035
976736
425492
427961
512397
343134
531484
414639
861831
356343
862322
424089
649288
756170
724335
97873
394793
90580
484651
519782
685452
424235
422672
895417
528920
838555
531790
582744
292755
13357
640747
513480
579839
735568
685757
932851
405803
498497
445253
844002
778375
365193
236426
842835
224421
620060
114239
725864
9128
174288
418780
11925
105132
876831
26913
403555
361974
351174
878190
986648
601685
18051
592232
981738
42148
897155
529223
194309
69628
793698
814264
461045
14556
487638
104034
452952
994155
119678
362624
364456
843810
516765
28780
933776
572937
254205
338212
412928
53024
228750
143358
171809
455022
252526
5108
516988
257911
206522
488585
31765
422948
864900
817807
591749
226786
48248
516569
243762
837172
134880
407
80847
538240
888452
635190
4250
987077
681912
507044
254987
471875
290117
125632
81668
187388
831573
152140
853796
321249
948552
540361
685977
149566
683520
786060
278385
350894
383161
923343
282896
662377
288726
309399
169938
131641
54879
592098
589744
5749
752524
289961
862341
757281
59124
116915
109428
96191
137723
44999
727273
916039
412442
7685
741194
747029
553246
313951
726823
925276
121340
213420
102814
441062
403651
147741
995568
710814
585343
520967
876500
689749
855329
10275
362665
286853
181835
603900
822777
469960
31327
287381
689371
235524
146525
189862
872194
864508
540851
652370
222450
328246
469126
844912
236162
407618
159883
636398
327792
36777
840787
919100
923757
711801
958217
111493
48072
802056
828358
112626
300800
804127
59261
770535
921090
677195
484669
273921
8971
263298
748077
339988
477447
3356
16303
950958
715193
947555
215370
928414
102464
335576
177657
327978
226909
725409
989990
450697
387220
465522
968094
566593
712362
833472
661994
618463
300353
831181
418519
157934
992803
29179
17326
112417
76169
561918
915964
311167
720025
24571
453940
802228
10348
734463
738482
209737
420422
707926
600873
703177
487413
702970
889138
825193
99170
344508
231290
197522
688312
169934
704335
408332
538954
36895
441412
51976
351885
873479
622879
40238
412967
35428
694972
782264
619541
343746
902897
383518
379766
92620
78946
729517
487914
236943
72580
365217
807806
286029
203280
79692
582312
994416
760172
202981
542783
629493
825625
533306
732126
107522
116670
920031
70178
907879
197807
194561
438423
836021
28913
391952
870623
726985
89274
979421
810763
645640
606967
957678
348440
141100
520655
255258
98279
118563
834648
778766
506970
883285
472350
965075
144888
96613
16995
78325
658396
774391
998160
675692
808424
856052
114132
724029
337583
249532
679958
6500
120809
558068
661658
969199
606519
486218
537729
225149
208784
884275
77053
568423
16147
791169
436505
624051
819448
761756
776019
866535
190494
962935
928281
616715
774312
817052
413685
931090
499637
663332
407391
686297
846737
189297
18846
954722
592135
589396
516636
861198
310513
248173
657062
249386
517659
68567
29536
544256
148026
414716
688916
936096
378120
341564
691110
60418
450799
83106
941143
784205
640653
957537
468929
508276
485319
289534
923480
541784
245856
936440
270388
220050
47423
309879
489267
889386
594214
581736
312716
313482
53072
530046
648147
69315
729650
313056
25688
570599
144670
945499
370630
732184
410133
814657
288267
52540
244651
766785
695832
235619
930758
870132
619063
976999
18808
23065
451823
115051
468680
176172
913016
517399
748892
912567
12268
727409
278732
793348
852557
36126
121227
96173
414423
882461
504481
958306
145231
133025
618626
204852
254487
626811
721402
750113
955863
442973
743036
15028
580426
858773
148757
571913
791278
91020
601389
779073
811022
871474
943142
543531
584411
965545
126261
376603
490752
245617
562030
31211
332273
421915
744881
202918
31470
742284
823518
559178
959798
571941
321205
922033
422881
647067
211301
621921
258952
725258
419171
864977
657447
463667
440225
596650
453748
86967
404330
431299
422574
95284
938587
76692
725890
444037
212481
869960
131285
613350
753639
178254
677241
217972
689480
722176
813516
356202
708028
44857
539644
773336
287249
408177
255781
759818
166161
223543
487270
179000
139077
784720
500562
110166
511740
698399
995732
533972
653092
473740
993106
283579
241930
70809
565104
308720
349330
954529
808186
175822
266357
705961
579224
730798
202605
528381
875386
282238
409306
697004
349274
503459
352848
156322
466061
1960
661682
120020
154650
15149
300371
393152
148876
589233
265481
561933
976894
157555
56954
639288
39118
891833
237652
298290
289739
67370
585361
668631
790948
28475
379357
187471
572302
506115
672844
828516
376764
480899
503290
626750
375922
489661
777355
