492066
484148
491111
65663
238641
650850
153513
469731
936528
164095
304326
699906
269626
746506
349644
731202
464641
455547
152887
119634
46832
863660
448217
430035
656273
215494
712183
620547
823190
913993
917154
542727
584517
5530
372285
390691
99638
420903
287600
288271
689325
110357
106409
393757
362448
68422
865242
875004
855745
397937
233432
253929
422693
304967
324963
534000
962602
840146
171314
278435
834863
79865
141311
755103
365821
49552
352109
492624
649470
984735
634200
803608
376699
130805
735199
427980
593210
596226
688101
405767
600248
270489
701954
173978
894546
783872
784644
760016
793810
501738
469188
992149
233317
229766
540603
724299
650945
274410
815561
445026
60188
332178
56627
184024
465116
728609
764471
146498
65991
773258
911832
922922
793980
574454
500476
222177
436208
766446
803498
431594
104575
39089
141400
51631
999497
28893
818597
513171
856468
417135
487482
286279
248883
958193
58175
504797
760353
17443
968280
762757
812339
851531
484858
613171
699840
591842
558439
423927
648137
175499
56262
261504
950081
917310
658039
573023
484
396638
555540
353104
461585
83434
793313
607637
48535
604536
440530
85287
877953
803346
380375
996412
511992
915270
580138
912998
586434
831336
668915
337381
424038
508259
263550
170350
496073
998320
864309
95875
849461
679204
58761
894353
474318
803361
982229
469843
101810
114633
71548
150209
931834
34585
662474
140269
1507
193300
28176
448523
775821
980914
516105
64630
210790
863597
148976
151202
821471
438262
192869
36505
201928
759472
406254
641101
162728
501071
197938
18573
552058
697866
429663
888295
34333
915311
373607
779736
274517
438571
332121
252960
974616
366923
965372
647081
306453
397066
598273
476499
143271
119570
351648
108730
672940
400349
831199
89995
198852
600919
756380
835441
827758
862531
628166
798133
88412
424214
363324
868523
232878
78022
338648
298417
703199
771876
60038
881781
270097
129985
687671
61995
944997
876421
894361
563728
709105
80861
818169
794414
660124
695624
926572
173324
779674
202740
993602
320413
465280
793473
65977
160355
595957
244085
120422
638802
748785
684693
280732
336430
480711
741830
321761
506502
749435
699341
711004
63782
7597
510234
392270
391193
332525
776784
955373
964261
281959
964994
457545
868340
270695
614703
66858
737942
894307
688039
366358
52076
939098
20661
955994
526349
622936
679673
666113
288649
424934
66708
475066
153159
482431
79218
823471
442090
56219
916469
521390
378156
370951
839175
428500
662941
274178
312694
384416
119938
621480
759982
20452
219612
606404
273851
490923
401122
951375
769429
263890
342948
876478
514401
455196
510862
629754
174399
375863
645220
187926
696142
432795
487570
773931
47729
143666
855566
723401
727661
135326
428184
62736
826177
391415
738389
483149
102239
710104
511703
889229
588653
613713
570886
751819
184340
691106
282017
143897
244751
64611
9213
142765
12678
791296
75813
901576
288773
945336
973771
302994
546767
952644
910933
244876
678995
621872
558801
436464
345294
574056
5695
590510
933642
468520
360809
347399
129680
718918
117145
302945
286679
902338
360347
200838
631703
437006
440116
378370
310872
926154
357875
200519
918169
157301
377839
118476
310246
35867
403806
448758
955767
417471
192095
577578
48080
484675
487340
343818
154396
586748
919557
49563
155302
116186
812408
652799
599518
748477
4610
370207
971249
684016
624937
539372
951332
164206
731957
120760
788107
364436
650684
363193
363944
190465
526709
527255
205507
703076
538084
482097
261520
864244
708129
26347
664730
965338
458519
432146
402373
760630
780392
79452
333180
334823
715882
103840
659374
974663
5989
785349
52919
367982
971627
282742
904110
36631
648528
576770
497316
380510
682876
624983
857768
423848
114223
121425
107072
936690
173706
420006
984306
304340
709384
963203
209807
634871
155040
431098
602167
940902
14045
695662
557614
262715
103952
845127
932964
540600
762791
259766
567567
505008
525807
351555
381816
364021
660473
598085
560446
651988
639420
347643
623322
723430
892286
674495
487627
398106
707864
528858
786475
875946
359656
633704
122982
691907
490146
521845
639749
349394
296990
999157
219854
327938
336795
307370
725978
148682
636703
142154
578716
486638
849301
371454
481162
131815
33827
726721
637420
430511
177032
626448
229852
991066
318287
997983
526572
908694
269515
978067
585343
685807
570573
156033
526467
543116
699439
754404
192521
222125
609735
530407
188733
936954
873906
616196
566902
25551
957102
251490
523345
981355
337243
551557
485072
956578
446619
231828
195456
429704
214188
790131
340549
50056
515080
820418
661617
816147
723409
173042
132382
543639
270820
327716
713809
439582
773165
538697
40630
583543
816704
664695
102966
452571
378893
29401
124815
456740
399825
483837
780600
492739
349712
779405
445859
146979
852487
380579
940451
293767
525129
211858
600033
560602
139458
946241
15675
606384
545813
148796
190466
26645
232953
352024
758962
217511
934943
126062
260894
867980
216106
389714
798108
59262
1506
777746
840912
519992
138984
574687
323130
167444
939490
652445
283235
27294
345336
955359
488697
540977
300547
680267
897664
665433
198923
151683
966250
845816
209172
243737
986739
357219
809239
975255
115075
28454
266907
824326
244920
484587
7445
691529
272712
253965
314855
203530
930452
780674
674158
198124
435560
200230
93650
44976
738040
376860
56539
597062
294303
660162
650617
149172
520905
66545
706365
717705
539315
848079
727567
53058
6801
102113
201350
772064
744572
370774
650098
828653
905143
954365
654602
639984
861713
615439
766351
144524
15999
917590
23504
734600
633886
439633
210906
480001
51858
421464
178801
320772
179694
114399
883954
233887
795270
675075
177891
34049
641141
876815
333433
384613
52216
520126
983158
987008
392289
824933
559649
557612
545881
999713
900284
257113
647971
862463
740263
469266
839278
785001
136599
18519
58330
13420
422697
226677
240139
616217
687526
704994
694193
267111
149278
311994
358377
267523
323598
110386
829775
592375
839874
195898
810400
462130
846411
804811
632078
539896
336919
629350
646125
901894
231108
74393
900916
529180
687536
533470
672580
394640
848727
596680
775428
895854
886909
599448
517111
370074
295823
240435
278662
799490
379707
150586
829412
945338
744362
507770
43300
863437
390694
876583
316248
540628
424796
31151
549397
678356
946117
578340
39086
892692
606670
680526
968119
605229
291143
911056
509581
501107
432348
374372
799853
290984
897939
62993
442773
698863
225251
177611
920251
998700
98484
466767
645745
592057
139581
896920
367272
548931
860388
418609
988411
691887
872116
219514
844551
667752
614820
320957
794153
721092
546158
564596
817034
690397
154693
722846
822024
632606
245093
259121
379188
26152
710909
223375
29347
328874
464910
193140
489755
809671
345345
924675
206189
547111
933243
604447
727020
967843
846815
840549
141334
581183
621703
754246
349315
223638
194383
672072
322164
167842
359874
505080
149072
339471
139876
