958191
613257
531366
83869
56987
385021
918199
631545
663774
598531
80650
966169
493825
203501
64934
412675
952947
768573
259866
233659
347636
40041
436188
985311
125041
914166
153798
883471
460391
316015
731935
392009
440296
854066
882006
271246
14163
216942
451631
480347
45180
243762
669823
615717
268470
335302
14457
174555
589595
939747
879370
401141
715353
635815
184209
794993
799738
192751
346516
436972
468305
494082
856256
950818
115753
352970
842561
760688
18041
165877
752752
72394
272126
815919
189084
652355
875799
696644
597353
847389
836190
509366
948622
545064
900357
197404
417304
491147
373050
985140
245347
970475
784237
78757
530149
289327
852779
246091
917971
948731
482144
210514
251823
605369
527191
920107
760441
972088
299066
394214
822553
770235
890701
769733
841928
718590
28652
925346
856396
151932
724311
317329
668259
793661
498951
604005
259229
681159
641534
867554
623231
94968
884860
623059
180253
596429
453749
199527
449255
681897
923205
321463
11415
349871
123768
235173
420871
490924
571249
614948
286224
893357
267732
142952
551593
93664
718066
452632
812145
52914
759826
458115
63900
797247
957685
559832
980152
324848
440203
671004
219514
145640
868184
462953
784581
707203
701506
93067
825285
922915
709426
533275
913668
819184
837347
212916
963153
643348
808522
720243
855550
40827
954707
201030
409720
643609
884703
474555
46601
798643
281294
8160
32425
642157
583790
86347
446731
283094
168579
37465
27718
441798
655618
100170
151660
698709
522887
466558
313981
325671
369370
688679
634843
988208
788220
362858
817132
633765
106062
169066
543913
948923
512759
587009
384573
190825
668595
488253
139516
995866
621309
263547
744183
133319
522664
484607
495464
335136
49383
389095
250593
843871
815600
909217
515965
846434
36042
58008
392913
332820
688186
222233
740099
792735
197056
923690
729899
285312
653843
701703
503388
24716
730037
881674
34373
451507
671
597588
306036
254312
848729
298096
856890
654728
686277
636266
54461
646239
324271
710740
347703
942518
260975
56286
229822
379129
419434
948608
193246
646787
271016
979999
848601
996814
388524
529279
776679
234826
248746
407865
278249
47072
896933
225730
573519
717653
454728
129802
925605
58043
782109
251879
264650
956744
188252
418349
490576
666716
161087
635739
204728
218824
758337
908686
983121
466801
323613
291355
943665
287969
409338
172710
223705
994940
650855
545051
723434
540856
729536
345311
418780
818576
895697
791014
705951
253052
157194
906900
401324
184450
919636
431327
944158
922270
354433
330897
660698
651980
702411
929779
159838
603547
966949
139502
19910
460432
195131
340054
495391
709836
883579
677972
829932
728052
933339
171388
194009
805444
890011
950419
575885
179398
743696
667243
150801
170294
497947
345317
426853
496908
625754
791732
948910
260405
284956
866380
466538
523731
599575
556771
941141
46444
962879
353348
751776
291630
979381
281
270986
314664
126101
460471
140273
29238
903787
699741
854199
402911
473306
80528
233024
104670
433678
804456
966803
35836
727812
272688
308046
680452
412769
750133
875065
287287
727002
909314
373065
153433
168977
488089
266471
496769
393465
159475
361778
30747
569812
366378
359298
974188
132938
578969
967123
831066
564173
779112
887183
472429
775838
271506
496894
637275
958633
167374
380002
22185
302756
65492
268135
63846
531512
318378
180543
215195
198594
841910
722003
82511
680384
945833
152668
317906
65650
457273
270757
819470
853456
985968
643233
288309
58902
983967
326610
946683
584187
982708
104526
374482
43450
461429
47484
157868
331407
326662
348954
789603
524105
236198
249149
780624
152228
398874
655521
95935
507941
750228
161867
235610
426511
705184
914438
353010
790207
202151
249958
739555
450784
831530
314404
200403
556947
634273
461648
840763
684090
136131
557203
222221
78369
689039
442252
223618
355425
297745
342303
773041
923992
864609
462518
869021
473658
678947
6625
303242
896432
359788
937449
333875
536048
532907
661510
956264
754278
828198
625102
836740
224841
231616
677228
82472
148874
116914
936160
341381
39726
443692
187609
766910
513583
309134
661604
545406
209882
279679
866013
761299
289011
159010
205960
15284
364266
445097
40425
10740
807548
709832
434463
474450
460308
434999
86493
198095
911581
669035
980979
562794
341719
950902
478664
395111
425692
163790
434725
757683
535201
653610
597506
859846
942759
926927
595198
619751
428996
231335
532486
217471
424910
248922
143715
654009
580396
152361
535697
597044
973520
694477
106238
229863
391063
55588
30119
915777
752014
510792
191465
181939
544286
358418
524514
184351
78617
517253
295764
658600
159130
703166
660019
377235
627328
579012
207733
828823
174818
355580
576363
292888
482373
420742
859046
535577
923566
909997
208917
957710
818661
937897
279832
4561
181614
568734
345501
132910
227770
793756
243566
578639
799172
444540
654026
515950
879397
23350
356834
446464
706538
595157
622566
654490
210307
455019
578948
208251
974842
27542
842983
451719
220793
299860
588622
467784
227397
849725
276569
101201
844369
362249
639836
268650
240459
661451
883559
941259
129470
100813
791624
811827
482359
710502
313030
915185
871285
885866
542780
127102
617808
897874
902970
914387
192427
552255
436428
781911
540014
906017
735275
158832
244126
365914
489488
256489
322118
182847
965541
225930
277832
697065
53376
298346
9907
311938
877871
970229
968124
392586
72235
832305
373257
31069
215840
936543
237662
546914
414079
329948
407236
935723
158462
32329
202526
455164
231583
782039
897951
872072
702774
451343
961681
141721
755202
92498
269
219679
805705
832265
280539
362537
789407
707281
960771
801264
358997
246693
467599
640745
847224
164920
301956
441298
213350
24010
804893
265337
721648
931269
632053
4581
628399
859292
953154
598757
803750
767850
90013
822512
144898
226543
290439
905130
131057
869970
796713
200900
512251
682647
383678
821679
286342
318091
857704
200998
253629
459495
511584
735434
417075
720157
375378
130202
897043
763870
652172
251914
555701
392404
97870
282454
438692
881662
951695
614254
862862
32836
54560
357412
119839
182591
700193
351472
135406
955368
26667
549173
94802
145616
882540
823672
469893
165718
345019
938650
856414
316186
784817
284863
390798
946993
445303
288629
812965
700570
804660
5397
778375
590356
583815
553041
473276
165877
205740
259150
307964
196613
976001
39149
516047
282448
109456
101105
837627
825387
402936
498598
854580
603144
789028
804348
812159
313954
222725
27603
401363
701084
361179
293697
138472
749236
168749
340569
548767
377745
700836
203315
21874
894146
351644
303967
710823
719248
688818
186551
412505
990003
63410
648008
320207
673055
739342
336095
444631
539869
753115
776940
664082
577667
426839
402177
555023
849109
608740
791705
320937
790256
344974
36576
547463
629631
724917
633195
315988
516513
902544
133569
168774
49173
155443
647000
448978
191832
625438
967209
486429
594584
23274
752226
636505
773226
212201
681421
170523
244478
