408074
470435
608098
221843
917793
40621
891060
180063
155358
678382
476935
754244
891396
810544
75385
918469
936511
876925
892617
233142
396691
808801
297701
258583
299852
119280
846102
932476
889077
726231
371532
151738
13942
736405
103818
844229
978570
12585
282409
619542
266457
571691
202056
503228
971067
926203
640160
109989
522692
97423
139703
444563
223011
887484
191021
849247
585655
302507
284580
535100
600532
800525
127165
847130
46329
654659
947425
408541
267281
953879
850547
168443
178830
824590
256370
246039
843179
210280
933053
506124
791843
139121
121927
145828
423050
489035
670610
837693
816482
572716
404079
759845
202197
102353
375800
384306
936987
898509
953141
112263
860814
369463
575075
517718
945977
32225
883955
593315
223822
134175
759381
712211
582885
502206
664402
150208
668665
946817
872894
597046
763100
181698
726943
418864
631827
813530
387650
889710
288307
482730
640676
916101
627449
564363
565052
555171
458033
93463
188493
36283
65197
159421
904682
423597
32971
47829
722479
838315
619237
562459
603905
299330
510259
257561
991689
543213
363087
611357
690008
606675
141531
430814
919329
140848
640370
46810
972535
728356
444290
139173
956182
341252
878011
822254
723097
108206
274850
565061
878385
746192
447271
304702
322157
202446
68959
535426
450300
819531
243143
840616
386792
34560
205472
195042
609839
741142
139535
661724
961475
468579
945414
574799
196080
796918
222938
390929
30772
481659
817136
405541
841984
367170
301230
849434
676745
461139
217814
850807
790320
860926
887673
387656
246513
915792
45509
978171
248253
737354
375173
194734
657713
120260
514625
422455
953158
721757
222384
577045
638068
71178
384717
408614
363428
278735
372367
257147
674922
202688
573243
135863
52032
682298
189060
367874
743393
552573
899609
30439
579543
324369
110625
928522
746818
783404
147597
851307
801776
935238
574295
819606
483284
16551
627073
264670
557434
927660
676288
584098
589894
534091
184741
585836
392442
269384
678519
774809
866901
860526
788112
255192
518228
64510
229330
373723
794038
142919
422794
451973
93370
341109
771773
141585
738192
33877
212724
835462
83940
443644
290517
538389
905602
295472
247999
772869
66841
500232
556883
127608
180953
270493
324548
975319
317255
794343
778647
137135
952587
470058
704039
254711
995578
622522
861747
23743
774587
505364
199089
801627
925395
370734
677291
143742
372215
892974
195090
151986
960684
197393
245843
969128
873523
922763
931213
119302
944889
578622
562313
408995
357040
351703
146025
417636
137546
86215
75940
961928
658142
879918
899482
341189
353929
464234
313848
337211
431607
211384
124497
810985
413025
903057
904342
362387
463408
709458
533775
49606
447347
452130
503253
587553
757074
554767
317547
140209
120703
359541
371402
486141
21787
570280
99506
61268
495156
590400
37961
167066
420550
235745
460234
93973
775795
858888
946912
830167
978921
424364
290149
329150
445452
653150
703017
78221
502810
432946
109182
468765
635707
458555
806324
752092
503383
642459
30104
553258
748354
506637
404456
480134
699395
641692
543280
690810
523621
671818
304677
737467
830730
575397
316898
204122
987535
681826
753070
82024
178007
691084
666185
957314
336
190440
454927
816500
488927
779203
393487
608722
581276
781461
793966
505804
854462
650272
933619
415207
617981
814033
873800
154088
601119
119520
375894
839902
239841
294671
779706
188117
140347
173392
124345
34869
637093
890003
639140
781400
901555
73272
627225
95759
329349
668979
310689
151482
937414
407010
15096
374736
681425
586920
817590
12096
638410
230814
632514
384300
866702
842451
592823
29601
154082
749780
37545
672565
638227
971995
514339
251691
999564
983256
591726
533081
887992
567629
691376
565229
444856
995934
532874
643975
129606
585703
241043
409895
975294
323966
818595
376411
766697
62718
197818
2920
485271
559532
941781
535291
677968
299018
193877
624684
924240
489677
606870
250558
779825
877935
855307
928324
927407
88853
248707
996579
631892
146543
312073
692688
15321
851945
22423
760796
683589
252726
411341
235545
533867
797611
55396
692120
49194
476244
672184
655900
367713
821155
430526
358483
670505
37022
465519
70530
190986
674110
676812
806993
418782
627829
162147
124047
691318
396071
772487
432259
914252
378487
284666
580237
446914
524797
337771
255745
602797
813721
694151
856864
212599
121349
993730
599801
370440
470657
686511
685784
164599
976057
752568
529569
880906
784928
567120
333869
799445
641285
340745
348971
39361
934718
149430
820611
342577
390955
499215
506720
663487
844999
497082
761646
477183
315960
151743
270055
137140
92532
434698
592571
434318
824537
248297
717845
681325
16127
777983
394447
212682
532810
932186
620674
195590
370422
952490
940262
922789
419141
480331
428208
959297
402334
54441
951405
269386
290514
636281
872303
944948
832083
825352
372742
332759
400069
603385
287720
529922
702040
390796
635911
454976
355000
871885
165242
55
339364
768629
84706
622732
739830
771578
836526
490522
396221
525653
873675
860771
120200
542109
802740
721891
709558
75284
129012
768778
799544
908983
172790
545088
268198
181550
89804
525287
991605
752354
895822
312777
368178
120901
623876
889429
830493
276295
885204
4861
448000
874206
160151
362334
981002
607309
882306
479928
347108
639016
176393
131132
977628
825543
816082
203492
415110
572699
301522
193312
626700
244894
31816
206891
312370
775326
833430
367681
779283
50941
572335
226999
374785
136311
924731
742337
816370
361428
807992
819819
101132
837691
333816
821381
619663
247437
498445
914169
256505
916626
548874
397112
627046
204738
199972
998864
933454
120699
713622
548604
943082
996281
732451
323871
564481
746862
300534
445920
648191
696781
116621
921878
186145
610479
594188
45749
242299
900414
58851
254660
366046
114287
22028
186404
309602
921698
436792
116469
597482
393274
463978
103012
666653
944291
68671
679892
536609
293443
883198
245759
532306
270645
364852
355851
234905
425215
357629
495724
781105
945634
451340
646496
806225
50777
520568
360264
408982
257089
870048
841267
687205
412555
58543
566412
25646
288521
965892
685861
985726
513150
339145
361004
195315
701109
414136
6189
35052
608040
265153
991117
998410
849541
101376
396228
621223
33083
519425
465491
541056
852191
227638
740838
24634
309957
476928
634829
1216
899164
492245
96814
47658
828454
549619
659257
908438
889802
524400
149936
665017
461762
336529
937859
822631
75321
135855
546287
311970
451753
677942
674390
218491
852449
581033
938527
81227
176078
517419
441748
86002
618583
255593
255579
85315
273871
364202
608339
968654
434787
367698
242503
658435
877231
338078
748269
322834
77189
560521
646910
775146
778256
791796
319706
380951
73726
64055
257935
790975
700844
821402
334899
580698
78553
263298
885257
956832
813689
297592
459092
935409
59345
998572
819082
308335
992934
936160
557541
429274
560764
89027
337881
76395
193754
262059
49479
551221
647315
530271
945932
966118
287756
479847
152640
137002
