396961
582805
879647
488314
605128
442828
6727
419598
717863
759220
525472
106193
341932
627912
832463
312403
734344
499686
378960
128296
828698
779553
295577
495438
372191
927099
308457
737512
725728
680939
44697
974776
263191
498143
341398
172395
212121
26700
65348
482996
604451
252101
77311
632791
903085
687024
709504
840209
817004
217535
591168
43925
877467
566283
421737
799797
453395
797295
226343
109372
824911
601870
453410
984208
189677
356403
870173
104534
193315
676475
972316
56362
296417
417292
508714
123832
149767
442212
837288
271329
420030
896578
102314
769853
386381
55133
733527
421489
41396
140545
929398
270584
119414
891404
500721
738841
355885
134347
27595
503816
