844739
450767
52547
492843
835689
576393
506898
378163
92736
822726
284845
951560
964816
190111
902430
349970
571878
725828
522344
364783
496974
911679
222426
540109
304161
839165
298357
515103
421504
579913
717856
941498
310950
270137
629194
363462
330920
959242
302340
390351
101620
881568
290411
951719
192906
987715
165366
162197
116459
563487
931962
838300
520565
655436
720760
594018
429592
162562
455609
395644
638306
892636
191568
496729
38366
928603
547545
775308
301715
648662
392523
468436
371631
666074
402877
24791
962093
736525
315477
210820
906498
736148
198404
682145
503725
481749
64929
884566
621144
859877
879535
33939
476335
714270
896258
9042
541811
144287
805697
170558
