835958
928542
179382
452306
911625
762424
265793
117304
309985
145676
743592
390370
82359
744085
759772
255934
648098
206723
35024
208547
106229
258117
68966
325736
970233
949252
821137
348015
745553
982042
445411
787727
594760
336280
831534
704392
179943
723961
748402
93900
358861
307170
545418
191073
891277
205655
911863
21632
535206
23218
481923
765292
9343
677691
403044
888374
615512
500811
938997
935246
703682
869168
348401
951420
60112
723795
502461
600488
497738
282995
757867
606648
550198
783444
652097
881398
502742
161233
993681
540246
177295
374679
458595
738637
410176
597250
196414
532268
363448
632419
365578
111882
494821
784059
646358
868233
272769
308143
269462
169363
