218194
951609
68794
608128
57535
959280
579891
116193
119884
718994
300339
317493
246411
18624
330567
98514
853110
583339
677364
635354
280655
336053
147987
755005
363410
399374
641223
615739
702088
523708
612941
706802
968475
440118
601504
786033
976748
793131
239719
793490
185024
474348
175557
167639
944594
490706
284546
8619
473112
478471
99157
954785
642770
825157
731182
328408
476528
526987
786599
483171
692349
5174
399225
415312
391075
973654
575114
832659
32735
116736
191109
500203
97768
378437
309367
137477
851596
551483
348251
271938
728059
420383
214600
200766
721435
275163
153013
364953
346944
597587
493551
659915
32118
406065
381284
777961
224822
110610
759349
209324
541337
972025
57469
351474
794212
363308
176324
624725
882150
113164
760487
836220
519396
142784
352983
921655
910431
280764
582584
22435
805787
387942
990350
880596
139658
79802
664831
133273
591728
820415
734414
199569
567103
941084
952075
396791
956140
775999
320586
467200
870589
123062
460895
809573
12302
305640
928321
987448
211584
188980
975743
441652
396256
859971
205437
156226
308965
784179
604934
874291
683123
744858
229682
552682
533311
920594
597026
175635
5306
480525
266114
905754
103702
20260
978301
945534
926367
65361
187167
629039
530455
791374
702665
621572
689926
344671
470983
683705
201268
828896
142705
803999
904822
660319
86096
538871
786757
722506
709401
50859
362213
781453
448532
838521
872804
564716
391683
452054
81687
197756
117045
314980
19150
934872
424009
794099
923410
936513
784976
954004
41093
502911
121986
981058
518592
511645
768043
897806
894550
574701
209833
875033
266096
242798
835383
107241
600735
816538
141515
198145
274646
737014
367197
354997
688548
643961
141363
965193
881134
357541
521090
96309
776158
40840
734279
537554
965165
683917
276434
680292
340169
447895
550284
323016
155922
810014
420046
926901
692085
487697
950723
133440
409092
945451
700443
341010
512133
198489
237272
659587
876472
364937
30589
828350
904841
424656
980679
394550
461038
216371
463267
649831
692547
653038
456742
743012
316094
86812
144558
828933
624850
36407
448024
660913
623702
576787
938871
351917
836244
685839
356055
572348
200974
443285
839997
901666
896978
57939
854553
431172
202832
772710
228889
799807
396401
894441
272622
710829
898156
729570
622084
451244
691302
615438
456391
741009
860264
766687
33123
995876
281944
953212
163207
831551
79472
595801
222310
523575
171234
423446
800720
180971
252929
738562
157742
726554
517090
37908
198580
732139
873715
256067
658793
64312
535805
615104
57879
356446
576122
327823
588525
771841
916296
219278
464087
167787
537776
938772
845481
89087
73304
94707
117371
426338
143668
371841
73814
525555
588227
408600
207031
55442
289362
45809
723397
573596
304831
763682
286585
819420
638045
190712
477801
528115
26250
308452
349185
213283
961233
283950
794433
296498
151186
656946
523501
653696
607327
80248
71555
284527
858311
174385
186590
151514
823314
384185
734580
369012
556930
193009
968473
365471
434769
545578
466141
54648
50954
322012
439688
670866
825399
153660
114857
721440
283278
56043
669068
702730
24654
381171
689026
25126
158619
295944
983211
303579
940037
957709
648092
465736
414401
580004
929828
626768
392956
907474
885846
624346
42675
265356
789115
205022
265561
228361
878537
848619
511063
819806
477174
54412
517697
470230
444991
538041
244115
191845
449246
826952
87613
59591
880247
47571
882413
290366
167581
318054
341318
697435
841827
631132
26618
75110
514754
536322
818372
263922
585448
783999
983606
225783
577478
350052
761165
842723
296252
518717
237119
340879
574205
473412
48579
246404
271564
375630
298824
79705
906758
949998
982172
339405
466690
214019
296890
787358
381667
961421
965337
848851
716894
54675
384632
267400
941610
697140
401101
634710
940428
818462
395991
562371
67942
502044
963002
631069
627832
544091
173462
833850
249295
162715
877655
354674
188166
496436
352346
957732
672004
446932
811413
223740
625416
422196
471441
233121
424838
947231
303087
17003
186960
477675
690078
381740
359031
194309
394030
145436
764306
82766
602594
755578
6492
12697
617363
342598
46129
885553
138573
296622
80871
593386
194959
940665
427737
598572
836879
417440
472727
501108
704253
753300
988593
726467
107179
481542
341568
294592
473195
31693
423326
925249
443351
701527
826320
509406
352662
180830
540457
246375
855766
926751
305020
876540
229310
955289
974983
12731
524149
404
882053
456492
379823
329704
726051
878404
211770
682262
870678
857963
791674
81364
991585
186863
618861
891543
911866
68271
549413
836
83986
876333
295242
559359
287587
610796
979179
299438
640924
998176
901702
95957
134202
838528
713463
840909
5202
747137
65239
712086
376935
912422
815796
362135
979794
974700
775824
360684
479145
657868
662872
271919
356808
799130
519342
107760
933653
634458
494697
445877
187515
68061
538935
968815
227337
135813
115664
744265
262931
771155
322892
210423
562488
491375
863529
99766
561011
266954
35789
746677
324539
937483
957011
438020
784154
785099
588471
849012
703853
383594
869294
327538
559451
18997
230986
346164
636548
363721
493939
73999
922473
327930
618969
297913
920105
221065
382702
418342
241869
935345
469390
227531
798102
570365
356999
404042
100624
727810
928026
467446
604809
95247
358688
196977
718997
122265
987348
860906
476244
136745
34039
412330
320470
682185
757923
750670
444912
130245
160703
939100
592461
429342
849275
831597
701493
971873
298121
93445
334512
784193
334968
127820
502109
880750
412736
399769
854364
847247
317545
848693
828071
527645
477487
876225
183501
160538
230713
148525
687573
348319
687915
571096
35125
899975
496486
564285
110284
751791
718845
114360
878461
315401
698276
430337
385609
483875
175892
654625
628355
894786
777166
536037
196545
120619
339640
824063
320815
441795
278365
405005
481635
358705
711630
271453
876892
207440
998051
240728
194885
258054
13327
682478
683722
109697
803542
950764
920290
353605
567018
654965
911534
392252
477440
545203
19205
703272
513061
503934
14536
999603
539541
938298
530837
400183
425200
478944
808324
183298
907012
61115
891850
145
609578
281953
800250
998581
295957
699436
541922
438736
346305
325194
963186
917041
373659
530666
564009
745114
255921
162346
515094
845743
208369
1463
522578
52950
514673
924660
16522
405972
943165
632449
647794
877386
99547
620091
188391
14432
282934
906366
690300
297088
984059
657950
541303
644770
813674
910368
769718
996353
306207
354062
715605
759314
146801
468636
434339
861670
210644
745505
986530
119828
65247
547985
532197
916403
772890
838543
802412
718910
650616
95217
698277
445063
331075
946544
645341
881418
13210
802523
177545
391715
84972
267853
968489
298026
62716
854458
477782
143230
642116
937792
250390
741563
599327
931605
237824
406508
35631
870281
538118
961846
909031
742896
818364
429304
16893
450376
966019
646158
865266
649736
953788
519061
210376
808882
636531
480393
753552
345012
494781
53487
