468021
271324
26688
537718
453899
148888
538935
479567
38106
34763
826608
763838
663104
7369
40239
816067
456482
324430
251682
485141
284538
818071
122266
900333
692398
620321
998763
257508
754669
319653
175935
602656
947396
697987
417786
150863
768842
617862
501117
775882
256686
649757
748874
989500
116666
833106
616656
265547
699405
397266
262414
658029
491314
20670
875750
441659
20443
298400
468684
900923
826638
492897
149897
506164
213462
445566
53339
262239
720554
650612
9021
691673
6715
936683
421441
38879
301582
64534
522984
928836
231553
816098
995529
576578
969272
391339
173219
842535
700342
451058
43223
292801
233583
615447
204433
79613
846635
983133
437245
909808
