545877
385390
721086
968524
186596
995943
109411
651016
907615
81068
115568
449533
411857
931137
506364
494448
331598
804116
213567
650018
533611
297478
181528
280927
885842
852675
915924
766911
249608
81376
279683
673728
115458
497114
446529
531814
227576
627683
108184
827784
138490
798419
142874
764643
320818
17563
958948
517587
656994
971274
923475
508952
15948
268311
18224
553093
950320
224270
732118
73380
1082
129376
36302
112565
853514
81169
292083
500206
848175
974741
400040
650227
684453
809239
282260
676127
305099
756907
339857
563138
699232
794781
945521
381816
885863
412210
394785
158979
37506
139103
858690
377226
926253
716430
510076
655346
267868
364407
876107
103411
71483
935163
695619
516256
2480
362811
176995
526428
951754
365804
142510
578333
582531
777515
642696
978974
503397
172580
2563
767577
690698
318450
648773
129575
566599
478028
611910
238720
182117
380670
555080
756601
773897
567005
186969
75998
552936
901633
901516
347833
781960
542883
462641
942557
25815
773549
863012
237666
481322
292856
152458
997894
817791
245475
884659
850787
20013
727926
787695
905516
915174
977408
385886
567882
553691
109532
249544
569441
280164
114758
803239
580554
961074
785522
110961
921855
890593
382278
630461
7619
447649
56122
712578
488018
109679
157180
472995
540499
966277
988929
491329
23016
225425
773503
387877
970727
711426
246969
124460
99097
330136
303555
412096
943444
889451
310358
140993
641677
586323
534635
413125
287471
716359
860180
896020
510090
862585
404131
411594
629199
887657
553304
461813
889848
19746
68062
437465
221584
305421
948553
247247
837477
930886
133593
85033
531093
488279
429783
532847
281586
777519
493136
116688
678272
14565
387278
195529
131438
944544
400212
65061
434033
781412
962053
878642
546199
271619
700409
54996
96448
615561
69635
556846
873070
583993
254436
718224
508056
403171
198679
588679
343695
651820
155014
544110
906290
599396
368279
390782
32625
387819
495639
267532
267135
696920
921295
913770
343164
667114
305540
194655
712107
89173
973600
932612
176645
604367
861077
231253
436960
680782
591146
224590
698577
860310
102685
543690
340901
357311
274998
961531
834660
792485
403005
141741
344705
320204
285526
717375
344913
15469
39290
482143
249843
436238
396313
722552
354063
748565
975274
8022
18242
659173
651467
937207
1399
352313
549793
697307
877789
256134
88476
17887
972113
96425
620592
152692
607590
679595
366985
207692
971475
461541
735950
455391
248325
58668
479399
214579
111885
709910
779529
887108
93767
664708
434066
963193
107539
178419
960602
104539
595210
1524
106421
525469
778908
119510
816203
729157
713130
83778
904384
220653
770862
277846
461605
771550
798942
35917
379548
420994
287527
924655
226462
812850
765583
404200
880708
335457
747416
558493
194451
854962
812585
416655
752587
677169
9012
363185
208270
268277
346004
143990
765259
685589
209306
532478
55421
380007
791828
630169
565142
620981
295682
540944
960340
628401
297043
163576
857182
576790
163795
325423
731072
40823
588652
878348
425326
930307
495799
695232
55482
745005
885333
991588
826185
975739
961330
966114
103648
180188
545840
421840
355420
179342
102296
69308
809984
84992
499577
331307
756732
734685
674834
337337
865460
235905
881446
179894
940564
819889
875809
771450
440183
963633
316782
61267
179104
877326
180927
152390
272073
682384
44717
1674
443463
937738
466826
195971
890351
511670
12829
135851
262973
53600
496077
80569
650101
921759
814334
894849
310464
437258
895692
824010
234289
636667
463936
106676
367522
177938
865090
682389
700696
42356
75692
256156
217213
549167
378530
722188
867982
553240
996433
152355
87050
99399
80702
796595
658776
84113
566880
722997
338509
536850
302046
631225
506984
735295
427660
337148
578313
354973
124435
965463
238347
172979
863291
838992
138310
458950
168553
332878
279620
235193
826163
134377
901289
891737
792718
355200
53192
793686
742278
670804
476265
419338
277424
1991
337433
630190
492732
157341
826397
549891
546182
869190
110033
859149
679575
939936
400470
495459
371546
380321
570209
504333
535225
985370
765580
44116
468903
133146
989712
586638
618591
806538
348571
961387
459255
293650
809763
59408
168469
583505
984034
902027
93726
938673
572223
135231
986586
535675
571674
885347
337064
423118
184050
577879
370918
721677
305761
430399
350709
565045
773401
162944
210075
960864
354912
829291
134417
444517
339071
775637
622622
410642
506470
316222
913567
602946
519355
480289
481222
827052
552907
508022
257519
446728
782847
916287
614934
19790
755236
784986
497397
736739
870677
513915
582811
817127
87709
950226
794742
780334
550205
613017
286262
723313
372718
71504
234332
775748
411801
609332
227815
602854
594699
648624
871403
691278
590902
745527
482034
88631
822583
977441
902639
798895
298771
812116
831905
576592
48799
130383
979157
965394
709559
788823
962938
8810
685686
382085
284154
109889
303037
563850
100647
974937
408220
731243
916557
345923
904206
943592
245358
311083
459406
998798
758849
127092
614798
285951
535511
420883
219835
856722
587762
468075
80142
439728
34821
947497
598433
688418
670641
90491
632772
27880
943664
225420
704174
772645
36724
628511
208175
957962
477113
210541
380170
362806
832496
5644
503637
671645
314925
623377
190362
282589
334551
726558
792678
985414
62130
176011
344280
11564
853206
744819
82289
350840
484629
284211
493254
816235
845146
805780
792791
865288
478897
631233
37789
552358
987124
613387
409913
390378
204486
420790
806333
952476
116561
14454
232460
356262
109036
542131
111547
556123
3985
672482
306746
795909
929470
355603
406888
901527
626933
228354
790872
202545
975395
169544
277189
880852
854363
348220
620805
265833
387054
52224
968782
747632
262166
895106
979241
826409
18342
110502
911149
783967
35117
766240
137180
976668
866575
397698
372051
754356
309486
676790
936257
310907
294216
448611
123
65243
134156
83117
688938
263387
146807
76914
286446
867318
473798
635307
559389
858865
709162
697031
510800
773541
533110
808658
659475
630286
740272
9912
676868
827594
664196
722410
819126
525068
401604
643929
618970
510532
487467
168372
565612
917715
928105
748417
360058
734414
723825
689195
417567
518998
89849
598647
214103
49974
711567
55881
837036
986480
856264
580799
575277
581105
998686
917685
9222
356806
979783
185718
744276
935431
206204
476329
592612
374538
537664
815513
587053
862671
400336
363559
256176
826100
549446
518214
113735
219250
937511
326762
380928
917495
734242
769956
504991
297210
894832
556912
972717
968499
693678
897311
401785
635470
883126
599845
796854
454293
823314
342552
968476
611314
295097
738827
409336
895289
768373
129320
448501
591684
720551
634589
311715
831879
584960
398253
103515
394889
326335
747934
893972
640859
758277
273297
409213
161296
710968
167229
525114
848440
88563
808506
436299
975290
433913
585955
695620
684519
366635
614227
731017
535466
757157
731679
213264
275278
689984
79639
689467
353487
192569
