540314
423211
332997
208607
887203
103459
972292
951656
97835
519293
421383
730232
616382
335904
784733
132388
964200
815033
335242
477559
552080
851449
717121
555406
651660
716953
117082
30355
212647
942752
739075
211658
755302
894761
329762
756037
165477
346910
735638
490319
931080
280762
261255
20097
163488
160600
375564
421499
211056
370747
819703
106975
467832
688574
178573
111057
955908
177067
535841
104951
746604
451671
417455
668908
709262
74905
640662
701390
55900
924256
333459
291353
503902
374293
967820
211024
809833
170736
140533
606439
842
781816
328806
551988
294630
370685
298222
264333
30233
131574
692777
848570
437231
410431
729403
51080
132970
202970
415655
875532
