520947
767103
770498
771865
235954
910346
136412
52034
53616
851974
982989
448901
931929
774670
465643
31379
507854
951078
346116
504146
100729
467077
942186
552514
495398
736219
699780
769596
955470
118690
84358
836929
494195
387161
848936
862661
503310
996316
178960
172469
749619
864808
820938
654084
511431
613012
625143
531064
202563
295979
839874
976446
446956
941644
988970
843973
689005
100221
120567
836640
490534
590508
938814
607991
132024
622909
481702
498545
17961
498709
345595
746620
837122
948105
606690
254252
485649
365532
469688
360156
973057
100511
691944
319416
1433
18258
468928
22067
169241
454652
435583
550750
713566
982527
410711
207376
627070
996912
95839
147767
