21160
771094
899670
351850
457165
103555
912658
75880
428188
330049
493850
955160
635781
784134
681901
282333
478956
632846
220729
821274
789256
180843
179963
773635
517811
710258
35617
440212
263039
738296
709273
815811
673445
725499
353832
385436
88223
275019
396145
789474
949846
223404
773198
455874
991285
110662
49632
620756
651566
639603
273503
458502
200184
301154
158632
381438
806416
586125
356308
677316
596300
344344
48964
572285
963826
195513
123538
209511
129542
585889
398959
384991
821531
718722
982399
277449
176280
198191
643867
924259
84843
185823
323394
717247
679058
653029
990003
925776
14180
624364
111077
102519
535345
135632
882979
595323
674047
939000
73591
678350
912352
872928
719720
706325
406568
237997
376661
459602
215195
759832
842634
622472
587702
70059
650323
893113
547972
336073
71814
493972
136058
341459
931491
731640
570965
794771
961616
881611
756294
172472
674846
993753
636020
330657
495124
233142
621838
401180
952013
719497
751711
501228
244223
340937
282161
38848
7115
83839
256207
6802
824401
890516
539101
795727
244035
741396
314847
767507
96772
946369
909165
535372
78973
50428
773093
643967
126527
382476
705991
622822
271915
278485
816217
282626
729008
923582
811554
124781
686604
772838
276619
808459
524091
174613
154892
478838
251293
455645
957352
476597
255285
966137
816546
977604
798326
396861
484458
113327
233104
643420
234026
474666
408433
850532
742359
153232
501254
501504
823030
74204
582680
232094
215523
386315
144551
382713
529209
214179
860514
697201
781753
500856
243651
467725
938175
940595
435132
885441
303905
143380
223800
952170
822473
702966
293661
348092
10402
406136
333186
14772
57096
976323
134084
40207
321859
543730
872302
917252
877159
135797
819351
430948
105170
348631
613371
748071
852109
128628
941798
679103
832823
835134
599362
455666
636429
456245
593193
379179
313673
394532
270541
743528
785464
315450
188142
827315
61863
946684
408179
83379
847559
674176
243495
365046
646460
862955
342660
284760
871
573701
338034
910216
741283
867536
280661
738087
587213
649278
952862
906373
662829
294490
910887
551620
596930
965157
265732
98135
167006
950557
905977
143906
144797
178101
91964
361939
950297
888131
72291
618466
285520
68140
144090
399481
742267
38144
148594
694940
331868
648522
397015
289519
46702
851036
328416
472523
827559
939059
783211
318911
228937
475401
919025
188729
192917
61854
849299
140939
164218
752990
636309
40536
878377
742760
122818
805087
872278
167183
684278
388503
926273
390266
989070
786889
204976
922778
460512
304298
116907
157506
46063
119459
434203
40450
243459
522476
990691
514493
673908
12622
279365
608077
257856
641512
920680
827772
293333
461364
263591
920197
191322
736365
798613
968230
162089
588006
957426
491340
659293
620836
201047
415422
940012
203625
512975
328619
472915
237125
379429
215965
790324
756803
983169
839018
965886
535291
920415
299730
735020
129207
741400
771579
192397
551317
894961
727877
867150
934436
718991
580347
778917
718145
387129
884532
134846
300850
605037
836243
783418
376860
686764
763307
866110
495317
716750
481809
84493
740212
553555
785237
700122
954490
394084
701716
74372
229341
663706
608186
836227
846769
904936
972715
761376
569413
153743
853740
96721
85130
821292
200808
948201
361880
301671
474175
558670
485877
936757
788292
128120
384298
720975
462183
479681
745744
894390
71988
537760
270454
138102
582636
107366
902030
632811
59482
943049
159621
469825
3906
242668
357600
19029
58423
804716
337957
440473
863464
120714
503746
174415
127046
213875
270918
379286
106245
615061
15346
941728
307399
109220
77139
413164
14137
404886
432299
351518
338964
230239
865934
757853
291271
607579
270503
494708
949783
137072
932946
510571
200753
138632
884982
632521
71470
176241
398097
775339
986914
751823
932449
862869
720059
421381
882146
183677
850185
485847
181269
137677
936445
550973
662131
612596
587266
430894
962786
779503
385363
195669
383537
591165
481844
811014
749992
172140
452779
13393
949756
343648
834792
24182
409931
778283
29285
778211
694365
787558
361465
452572
455995
30090
107168
212785
887327
571655
778981
144775
533577
315360
33118
595255
31971
511702
184625
952577
629669
911257
933692
887898
92098
44484
843411
7811
103094
111855
207576
413210
670582
643834
276171
660921
366083
513015
463903
944262
431224
197043
589025
726480
575299
900327
361909
331678
266989
602809
328026
427254
975331
28121
139535
311029
575419
883394
1824
981238
97876
925753
467688
218657
134801
751465
309778
854117
817588
482025
261785
361075
335657
690071
485536
600210
970659
903378
36927
251070
279243
489456
870802
862177
441742
287555
828535
251463
733570
315871
683715
199578
621800
820670
353588
723168
467942
730784
720029
595834
742336
395691
37230
708267
886672
891267
719079
199677
693766
619027
289356
971222
816445
556604
376404
716821
683442
845949
545524
539090
214838
425975
493282
625367
666957
550218
379513
206813
126623
703792
664874
373329
674452
428341
82142
471535
122890
665599
523699
746631
541637
650434
964023
477378
160485
938588
499186
781044
331651
112716
796342
859707
591989
434593
738144
153228
302218
571204
958405
324052
643298
828060
178126
925841
784825
771647
975674
672261
871418
820740
333869
727107
277328
247285
578290
985243
659774
328968
366188
472796
410490
38453
890649
674323
296221
907638
381014
661638
526971
233544
952447
12219
14991
632486
392573
317023
484772
11280
840294
179539
126029
818125
758083
324642
629449
301682
984943
515394
557556
573639
113759
416715
674266
793039
83427
544347
837779
997409
988899
633024
518104
351070
105478
426328
369390
117664
343791
195663
932140
22905
655405
631957
434403
535557
86839
847207
295807
150800
749807
882903
227457
306393
838268
488892
643583
573940
940406
825898
942980
124880
124065
785966
158995
818970
394019
529929
908520
547107
576934
355918
625103
54242
369261
894866
294130
896609
927787
481596
358933
111554
948366
213379
297497
219736
405131
142528
192017
693478
187158
991976
385410
361649
843536
905233
850762
982624
74653
378783
944787
929079
852713
411837
305905
770953
31445
90404
854269
885063
41748
930553
2239
451531
603112
911205
699835
933678
375954
644259
831609
685281
486144
286775
289020
326809
566346
387907
124011
460567
872543
394097
473610
411281
656343
808416
581794
488612
131140
718525
218184
611151
194904
117845
897053
795940
835891
746705
497979
18255
497474
998867
882425
504196
882406
230356
162390
524497
567829
209362
532856
422359
903291
439562
764407
218153
139209
502421
781896
479496
66962
795256
607427
170344
174870
591064
631289
711315
438987
284499
306231
577040
308606
488167
636939
412399
177213
825444
219909
936850
360171
605322
904920
580073
402429
887961
858676
945526
603971
350253
12790
798953
896588
118972
460390
72425
970912
547888
549494
243745
642695
578796
301602
21374
605825
305779
667986
106961
414874
911102
174612
909644
181489
25765
281113
893688
40272
899080
826929
