928629
151059
416525
841789
82348
573381
321620
879115
10210
637853
488290
188585
424088
226898
817417
814311
284299
170215
952759
52097
753548
471778
785740
556581
215756
947850
299669
442728
758734
929421
720553
889068
8392
77792
620441
545194
81101
731651
154040
393648
355565
281518
994548
773406
409501
997861
485248
638053
223784
2013
127887
903966
982556
3401
35179
902390
486542
220337
523973
503809
886261
51460
291336
680124
382796
96695
86882
746523
755177
286274
680053
330389
782351
103707
132907
504835
186428
213579
487032
350987
727172
842286
216812
869702
910893
415535
954214
748704
794052
223416
844460
312365
684938
933589
783980
905050
639986
161585
789881
946176
521796
861350
907790
912273
52048
358185
841030
979859
537221
763971
240549
548913
190596
822413
550666
300818
890956
585339
208459
136401
226181
963981
337293
590895
844619
571051
549123
356100
969159
804846
658616
978418
863132
497669
833480
44349
858131
947200
483838
893154
480507
897128
88051
315990
30073
290570
108978
591648
848852
964409
619558
170943
808728
965641
970102
89211
196803
767207
809264
48297
263643
507198
736029
790625
284219
870761
325813
869473
619600
999125
458700
579402
353377
324854
422467
509805
348031
233853
32342
769222
488670
430655
30894
247543
116968
542441
297049
691860
705297
479114
724671
780462
564076
718627
332221
56720
791273
804049
371210
505403
790302
680700
416092
306249
738185
539759
91210
922290
217802
925943
555766
269213
295054
934685
478616
994650
569885
140557
269805
850549
653347
874565
681274
516465
174904
456711
950954
810080
335197
335890
124259
111596
647251
725612
95538
651643
974716
232651
77335
464759
30332
726036
66975
786721
593330
15429
927173
343458
777288
451703
237624
748842
916023
656293
615272
771974
861475
926612
507437
577114
405020
711234
726565
396385
557732
753166
73540
965322
368970
292014
13792
895293
347337
251326
400408
609616
852431
443774
791657
278730
606585
594501
211323
791871
799592
134627
707724
117924
535454
421960
96709
345329
994004
223653
41758
194861
280930
80796
645274
210679
283308
14767
234532
977735
76176
71241
959646
730225
8380
586927
135677
382145
228445
549075
57382
235800
966124
48828
412358
318974
539338
543900
868326
661566
271179
203996
677421
598151
785317
956681
729288
150278
293713
417611
399214
109046
595681
886226
853546
810084
660076
12298
545015
797961
437613
659612
659427
845819
962099
692352
371860
662692
11792
404536
44109
490704
625568
155922
293665
153380
471072
952678
794955
393247
117422
167161
617758
44765
388694
598795
564316
367519
656123
34115
787823
213204
26613
871629
9837
471882
906247
749814
296879
220229
185576
519041
486736
241559
341823
630545
309635
504047
500771
332875
405435
489816
718666
129163
37499
18820
551569
980125
629276
114304
553979
18044
595106
667672
249611
111223
194750
800980
114878
363875
178018
927222
506800
89654
411371
71738
722554
877459
859664
878570
53591
471466
190890
739743
221777
55000
4191
850466
736374
747408
77073
663645
618141
480557
635246
896963
968657
288025
235177
471660
960458
506324
386543
633171
538770
274349
722135
767190
842071
457388
221338
204752
132295
357221
955706
566380
965421
998277
648614
630554
599558
533262
210580
979738
505642
612794
238307
949814
371589
995626
451017
291069
297166
134584
663562
304573
57662
106897
862135
530208
783816
334705
308243
183424
812233
999309
326968
86122
253171
128197
676517
765432
535330
561889
514745
457657
564598
895681
832885
930977
409324
946715
718187
999256
897704
22917
997944
900005
747288
401584
991814
712643
287217
931574
782598
61996
487615
586195
907450
836005
948729
13522
880684
674185
26488
476789
800128
374816
412559
398535
21731
499891
212303
365196
137640
506485
568085
860556
985190
843466
863682
901838
903365
642547
692723
958468
788066
885683
744807
916398
451347
141174
582477
118320
967328
287997
353963
23234
211886
639258
498411
502427
888432
383902
707824
261009
42024
640825
273667
728017
371555
984691
943284
932006
3972
100045
592760
539304
117471
226654
10896
656321
248028
48018
858182
842288
697091
758356
627821
289789
733952
539014
425582
677537
535356
832275
957026
735920
117696
479735
498679
581369
190120
861194
295452
737536
442615
664133
336372
853962
111687
94349
384785
314443
751029
563666
337526
439378
81405
411878
472974
286094
669647
47801
925300
536762
260155
381248
878269
542533
197893
154927
24480
336660
193107
484305
650060
772815
268683
671692
758287
38414
30419
879213
910041
79589
637066
905635
228785
592491
670934
913986
480851
783189
210000
724288
924653
721316
37540
263391
319666
192766
245270
648741
941319
332802
617155
686425
811424
788407
808179
825451
206159
898239
524672
181603
845284
449541
480794
946868
93852
199475
751376
753189
686273
712610
756506
797181
338706
25578
10102
461498
147499
282544
450073
730270
115821
876129
503832
732775
59816
828953
997717
673146
866244
583746
766104
488617
857840
20250
896582
263406
992889
741186
631369
378729
402794
13021
998068
140402
31415
872454
469414
962282
980294
587956
110187
253520
373482
311393
242112
901872
744823
993467
565608
143135
313241
226487
493070
106582
362913
287388
370026
969952
695327
823854
911735
658829
46246
924627
742395
545080
723099
731458
698175
284110
12779
81634
34329
150818
729385
470954
592084
219485
848266
587791
467254
914214
432578
463380
750554
904482
749030
904982
408495
491565
773004
748027
217330
436799
427748
323595
390591
881622
436704
628319
339638
908542
522510
831596
727104
232740
222917
390886
4633
420337
812971
224454
315610
286378
492859
514707
731778
313033
638008
178398
529402
678762
130149
325798
576751
111250
405414
22788
277180
521610
187140
152819
702079
281894
429367
486803
689704
757297
726728
627793
51842
322764
600626
537185
584470
107797
146252
75746
54713
245695
623696
866426
419506
414232
155993
243122
190621
18169
5533
446005
97832
723778
653900
780137
961046
128128
611718
904690
909988
324142
581672
64539
375875
505137
718955
509327
732817
536225
97546
243761
251267
238345
45229
662178
116957
488966
92236
151920
255250
577596
494949
453499
721032
57812
244741
801936
926153
146757
645965
920905
579178
871544
131991
279681
452077
469241
366994
972412
546492
782622
71640
851121
802362
844375
239068
649613
179351
7001
726636
788756
285875
649658
330401
393043
568930
199221
550171
940952
113153
873558
821248
853524
294463
220354
346000
739323
833562
68398
31188
496632
585934
911228
560709
241296
200694
433457
307044
846380
985536
578075
597963
712320
50763
655218
170077
968759
863661
873546
744479
390330
380562
148830
207037
149474
191702
572765
706991
293164
173004
274577
866085
710473
703234
399832
980793
6476
559400
282724
252187
277755
504930
1900
156562
881979
338404
905873
614124
187476
553824
245633
340578
425458
982550
266952
440374
98930
971539
521060
41648
344983
281427
913725
859344
308747
146759
941497
312075
649552
507379
886635
