328388
697704
494005
70841
364792
386859
121101
631692
88033
250365
21508
838474
608481
753524
293616
722275
858983
625443
155636
814001
11512
407087
802587
840984
164282
183121
887581
630859
343700
440280
272345
469773
877404
728455
641988
493270
654038
699489
766960
804484
88887
950413
457760
763828
48619
656387
13749
196121
898531
24614
318687
789293
426003
815444
849912
801549
254900
151289
75019
224380
320365
359855
243
166607
83045
929229
122350
211323
866218
763830
866192
414361
233849
185474
292330
109659
9578
641590
547346
564748
663579
560765
852198
898047
561403
235995
308983
11854
372709
827865
219481
849927
924149
894183
487344
961036
966676
188257
677445
766540
