64430
952364
849634
819180
672348
998359
686840
559175
703134
80595
19169
147947
365509
140264
402356
213716
213870
55999
310955
655503
503237
505823
95817
626276
427493
910809
700994
653661
825784
488931
429967
266127
706981
60620
213545
634075
535506
128324
243619
476814
407995
65875
115144
823550
417669
137145
803609
928984
6935
728411
564144
270294
592304
139244
786570
527823
897345
268005
548045
451944
528
368921
482186
891772
744150
823048
883391
784328
125191
419184
38815
318683
173488
988787
640475
897103
731057
364288
733436
423279
274068
769072
885495
278059
282799
331350
795472
999208
47390
874022
882587
573953
831514
684296
173415
459187
230963
898219
904920
955382
992098
5113
583640
330106
945075
3811
716143
579791
576392
123065
850995
280133
674127
940743
230094
23264
533235
588976
681109
995227
892529
562345
653150
673813
228649
812070
818333
51576
627712
216616
410490
40933
144808
793054
261466
117854
453888
622194
616949
590218
230562
628191
944758
405198
480864
215316
946812
659285
504558
746194
669233
247736
766352
655676
832018
714116
716963
452323
443915
735040
248185
569960
197317
112668
537132
129707
994820
684706
622558
715415
184549
413703
552812
522666
498484
304246
588353
370139
321432
31898
630774
24679
183689
365955
959380
67700
762051
156800
717941
305719
166029
968860
550805
759148
954349
121820
318955
304848
580368
526448
233372
670939
604561
978666
192425
716641
32213
224248
98672
990933
432409
721960
705422
55403
461246
888385
940517
394169
564272
258958
595932
425763
756154
345859
229397
760112
160359
643686
508024
337899
285600
197939
31508
493460
313307
778080
136845
909187
326527
322251
495436
232925
425879
943262
115815
294534
839634
291910
484861
380637
397327
905881
820492
409546
538733
845834
564959
697496
983695
760108
646528
284007
17299
856197
297633
778377
907691
894794
264485
118853
871806
69417
443787
585615
194950
553020
268906
277535
259586
130436
542994
708599
363308
860288
710137
729172
518691
77110
850229
858698
822407
160432
814252
243979
766776
646492
458198
852973
485670
753930
281699
181790
415335
777915
808307
880375
933406
832202
237920
530934
727070
143858
212419
361692
162440
838228
600634
797394
540439
800300
580778
916600
122397
584765
843866
599968
898904
268427
947274
649596
430850
5291
769938
655152
813092
280871
637208
682006
97732
693895
722234
937616
827046
382936
665725
107541
480020
337201
613453
143976
785871
88639
556237
369626
807267
417649
608833
204569
844565
391289
339965
897848
59212
991406
147953
35104
497883
933786
594049
286477
740221
356491
876251
740411
622535
424316
998701
687479
290874
919783
765675
110532
722083
50159
262940
124857
24105
653932
198690
190086
530268
881424
239183
599023
201740
911915
401335
696682
453088
48651
429737
139612
28393
370915
785029
740217
901733
230942
553687
640395
711087
249486
272572
878086
832580
149445
648218
76475
871500
607549
426454
879195
137183
656878
878497
819561
612177
462092
875081
148236
25261
353031
383546
713972
802013
1657
586400
169405
69403
250620
14876
834472
878225
952615
673131
531605
798213
461726
768595
345767
702475
844496
482400
315783
708348
354068
292826
729748
384671
797717
685501
415251
464349
289350
31936
917672
316410
183863
54840
352276
682833
456476
534343
707048
341846
972850
629758
642769
906100
674548
644641
627452
669150
6714
401460
712198
900301
769719
835244
998427
641067
85070
824668
405239
673247
302143
140378
961402
801396
612222
239342
929782
113572
181056
741030
27356
482504
48335
624920
815193
500781
429284
730232
679075
508836
823173
973499
627651
286367
448318
409591
469964
191080
525293
847187
364994
240485
558009
555475
201886
539488
590901
266529
463803
112725
855339
76962
33910
922531
755503
146973
970399
144849
484229
403456
879722
460842
937860
207712
137042
693389
192851
234215
604723
128608
186358
657015
615453
682257
542529
433602
36035
574729
385805
197769
494711
761529
133871
238419
465250
39320
193878
31925
151743
747821
143519
627432
339297
980230
517462
499394
693938
53100
573054
470023
720289
178935
568410
61607
156391
967555
719391
583836
68041
348315
337861
348041
163453
769986
443318
277826
187331
396388
645140
590884
143077
33984
26153
188277
780624
619263
638975
91331
835972
916443
467934
83145
996204
93076
828721
722607
437727
697175
436974
665903
104672
668311
182121
251294
64943
456782
287654
884613
936800
239933
502658
448940
420385
793487
656328
547483
305613
594823
938476
645072
732400
445533
87316
645930
464455
904004
295506
577354
889678
602820
45137
465413
312497
976691
276421
754054
332476
818260
13748
326790
253380
579672
619779
762239
251132
175892
875367
678941
489748
634507
558343
477309
648065
883567
472161
743035
467472
934017
122863
953458
360003
292558
555978
579620
499820
987450
331829
570534
879437
871177
889101
978997
787163
631681
410100
479982
756612
174482
482490
779377
434638
434695
355639
91148
546035
761383
66401
723361
694378
478500
160568
265173
532619
649897
218285
587966
893547
177542
941658
928989
353542
603014
676966
696247
277011
30507
847983
614121
343988
523538
289654
185937
482396
397304
408932
779992
643645
507949
656552
316071
388242
92821
705494
476838
956786
553210
43467
670148
855748
19405
575275
827566
803875
122080
375640
626167
866352
255287
295054
72480
582842
526849
923736
833682
999071
571003
304780
600294
329195
131016
456841
481462
354100
481613
171885
444630
20669
804270
171173
856969
58164
140297
73966
825911
578946
970659
47626
866936
979098
899135
152954
277574
340416
743710
450292
401723
856917
315622
685663
750448
291580
79201
43614
940918
804465
694698
828260
728868
979985
377137
408385
469716
299909
297216
204602
927760
826556
193447
849955
600690
273954
115537
897570
163347
990854
902646
300167
851284
430212
60019
96073
22035
492059
952223
472258
719208
413108
740400
416168
655143
967997
654171
793712
303319
487112
130648
603857
554794
854180
495047
117402
702154
10348
463523
384008
291113
290653
339122
610166
911397
252911
968142
90048
64706
644953
392578
169392
291882
280335
97995
206066
882992
986626
796874
668148
627539
514751
844887
706234
907982
17152
41749
91352
563732
863244
411334
125561
750918
402097
216488
644573
253013
708359
587546
81375
130928
170496
84371
44591
560002
625026
536558
712562
297394
63887
955862
549035
302430
199436
630180
359133
753169
874883
92853
701556
988321
38588
683367
732414
404095
64406
715400
778758
166266
454819
961610
158716
374863
915602
600573
414372
651962
721673
573426
143263
222822
651950
578684
473489
82342
558884
455959
643737
372179
170854
202296
178535
557579
430140
339627
324334
244760
320373
376975
637602
444636
327581
650203
865928
335111
754294
60942
516201
515661
304682
54078
951510
145109
376525
593757
404028
848692
845829
753881
753435
938141
266170
64817
15386
623932
632424
624447
288115
176478
983216
525437
574024
772274
458376
288059
539793
193578
882043
601380
93779
