542453
785024
821413
543782
457991
983875
659464
437591
389898
151882
622424
814830
569596
599085
384212
622670
638779
511915
777347
427986
257071
414619
972558
542999
254963
926200
973907
871260
642518
740099
148191
954160
624677
626315
202201
243220
547235
537038
796142
773078
120337
89861
401766
128075
339007
210727
734852
332457
252866
346732
954446
815671
982072
818231
387026
609611
805686
529133
399033
29611
243266
887229
154470
962364
405496
923706
746189
608804
94634
557994
507961
560056
43995
702623
271625
634751
549352
506562
949228
377782
861193
250570
404505
385499
620727
8438
202790
292388
554591
863789
155797
76629
396174
299703
618774
845271
163634
424611
377115
29733
852593
195842
815855
254897
398017
157897
445227
576790
410773
258387
582195
80470
58660
935745
697062
35333
337106
210122
762080
746979
848473
39055
92516
771790
246666
494605
804063
271367
282299
696242
417853
484776
29439
781633
869097
92330
186368
841228
898321
276630
514922
133490
118559
494729
351956
847883
770946
210811
957550
391916
391110
547314
276438
689584
290124
687253
598499
976672
230594
964445
365425
856302
242309
482112
137722
516379
774573
929155
296753
326886
444618
539234
303259
894991
502669
679336
867179
162169
264183
906014
278260
948750
868159
263500
336292
966964
699961
573167
947457
76887
61653
242435
490376
751216
422520
407757
11297
731563
731340
213742
3669
194758
223117
490111
175837
869126
185974
716054
360295
208493
542974
350080
338083
605261
733798
850885
616950
987747
100813
807355
285917
483893
26135
209853
226352
582135
333686
652310
990973
722400
211232
452103
413364
692940
634053
516112
278326
568715
507818
178036
901195
251750
206972
935534
767206
21334
295548
739038
422627
442059
782470
966150
900023
949951
248228
270589
307762
89472
291404
701783
723461
672086
518740
169721
665431
505302
686734
605233
152028
694568
409198
862957
564063
442045
849156
869540
212037
507519
585687
842904
24038
585061
585521
183110
307725
23222
280442
220321
369798
629714
517345
266247
610374
74807
359940
258958
557813
735274
722008
863188
765635
256069
664751
13126
791347
453055
217999
474388
132521
553548
642971
903373
721876
907489
223175
962377
337945
28606
969742
844272
153474
255265
414617
668567
18531
323740
827700
637238
631943
883596
102106
836487
817475
625204
781221
318843
653051
586793
856218
284907
305118
466759
7022
972524
129810
781547
329826
335419
609589
887
971526
872586
550871
797576
375581
159947
992314
797797
914426
179276
977784
782779
867619
678783
493495
154270
154638
334718
816623
492529
808836
721094
253717
749618
166127
302287
195758
119388
976621
990922
3691
532947
615206
107550
638344
842288
528850
384569
727320
2380
293104
34616
536015
340545
658356
975738
940244
208519
634988
642244
412166
203608
511316
150178
238234
661119
254692
636777
998174
80937
247295
674054
979917
909780
10140
463940
179433
300169
55743
882043
657084
393873
810865
478198
157120
276972
712333
820638
712081
799496
423590
128836
200738
344433
302509
968411
726623
406319
111619
501041
762113
942301
799509
632884
663677
713076
984660
403698
967737
870073
890422
812940
190082
73137
658343
146225
194612
263111
239642
400037
859394
707293
599959
309614
971492
951343
932681
35282
54076
139229
625335
226484
168814
717530
634432
815682
481616
785609
598943
61247
676497
468180
507977
981656
615307
273751
733079
175579
818160
868321
133951
534156
139033
537015
574396
802657
945378
908150
325837
793953
343652
556840
513740
306210
366559
162963
666844
633852
160207
481192
602005
615143
177634
660267
503707
859839
213629
274750
271194
802529
268362
168065
243886
690297
828761
338159
21538
476499
704213
403078
300142
966631
762070
751016
205817
5531
238045
534921
132987
438765
420719
459438
647516
424335
664005
97255
838
203656
352730
404618
80616
827982
460917
456937
945040
691522
441922
824691
110153
47607
644806
111363
61133
158153
481449
207014
380149
894905
924540
544983
761926
527228
259791
210578
639231
892297
352100
361289
553442
264130
454316
99267
42584
134534
13938
66632
197868
750346
897614
825053
176890
53585
217428
288245
97520
553021
531707
22875
938600
416028
125042
327611
673659
971831
148382
643598
909273
21751
580474
852091
618286
591298
500403
125280
288696
514561
624665
548159
980214
197691
369097
73357
733265
646864
393371
291125
442294
298624
321903
312436
192412
184866
615234
346371
744239
868949
816327
256431
303498
845259
192613
565352
855395
357455
152896
227634
609235
994603
202823
329497
205704
129356
106188
712022
916621
727122
472328
197620
743902
203932
941248
829222
594460
105838
911939
497482
68153
522620
733264
517465
692738
361412
648527
466892
590039
940721
597222
16684
18540
989302
130877
589491
979800
525755
9905
98576
311307
79197
303869
74778
702755
531877
943544
218449
906421
259931
490353
633468
369201
972069
434171
421598
168608
13390
791287
203363
103424
250175
591766
168644
551666
581127
614438
310693
378694
66652
70091
249921
621339
701715
589748
418193
984282
70187
22804
526917
171104
603983
369308
617651
656634
418113
948776
517125
591201
117615
231285
890216
492325
644334
537857
50307
736569
444651
641053
29934
973376
826687
221788
220260
305780
141214
822288
501773
756826
443928
912803
859509
601192
999379
175296
539230
89297
585717
964573
699664
784346
760772
51946
310207
986907
332188
755567
546276
334591
489108
658657
101361
24544
443885
879591
5475
547094
53998
155606
8417
854086
965989
177792
812070
88148
570426
463018
792707
307034
429924
760210
624908
638243
239429
540649
152183
763493
441576
483546
199428
163977
738016
677410
842184
867178
94455
38750
10682
626732
291966
431424
608345
562398
469771
79161
976917
294031
725644
626204
873400
859086
296435
316989
666430
748689
968027
796603
141892
734032
162628
973679
849895
747178
186577
239186
190891
854968
89087
461765
933224
670682
216182
285705
855327
403067
531834
999761
706207
289474
175224
249955
518805
173755
944075
89736
566297
667144
855459
252944
768574
756497
929045
198773
772772
559691
562637
847458
989197
642391
794018
468705
134848
802254
460426
187881
364074
206029
269229
833163
95939
848579
574415
534862
84545
32575
466388
177777
260254
20910
705525
779280
274081
969988
266935
284575
536339
584188
176421
42826
109427
434160
432608
294541
206829
183330
996474
671914
935033
178576
934304
967597
116827
734463
644565
607130
303159
30230
556643
970288
692211
725657
122983
957950
941283
476768
570506
110313
285025
429184
896338
123948
94649
646308
545187
87195
802258
981352
167859
129433
478821
561901
602683
234809
447291
12230
883102
974498
647986
871984
338449
191754
988285
253035
776962
125735
459990
75006
248797
967064
594872
345486
361558
106607
903755
16146
218408
435601
142779
76763
432874
980224
777093
393709
806727
972107
8828
167099
343665
312655
746388
768367
873287
88301
953667
768664
391977
33794
666166
375450
58774
421656
86737
659186
357651
