168477
355902
780367
79891
774913
181401
647544
150430
895092
325727
587067
813079
354024
23135
206402
386726
990491
910071
535564
716335
784448
568690
375182
18772
479592
583899
143843
745208
118285
582824
169986
75623
645917
659870
201220
989530
496766
604799
585974
6437
477316
842744
669570
930487
438842
30673
439064
278828
541706
341941
278624
624403
505949
192774
752754
684122
951770
24943
965394
603869
855269
80571
813308
316987
215782
94097
570168
439904
297378
355742
901934
608103
527465
395463
989326
450196
530424
392792
273617
920763
162433
907771
779762
593902
229970
42689
184305
962938
641533
433772
641771
19644
224906
780170
83960
726825
152965
801755
162996
876661
269773
708569
376223
663426
250334
688805
96815
716021
897073
669815
326447
181021
133796
87495
603530
541520
15059
441005
404860
325773
434687
496090
601678
762668
978210
361371
435284
915863
765063
188507
583553
178689
608944
462320
9117
609764
401697
825330
721625
51135
353840
901199
536127
576295
607654
272895
721077
528546
560956
520433
593134
748603
808089
619085
842021
54629
26483
669226
119206
938632
763015
346846
564130
925596
740307
626586
235729
398496
792262
520611
460057
600650
713113
757126
816008
963388
787872
290290
129370
491211
414042
209208
801473
68891
269205
92258
744582
684564
389876
938300
104128
700626
280955
334350
875456
952098
333587
993618
190960
672684
801777
274211
7814
340789
666564
937553
709837
355808
779171
462048
672406
313316
261592
862122
453750
642552
602196
666747
85638
568595
596160
949739
977719
138023
285494
305615
13070
337079
16368
818964
579284
671500
570027
52030
603985
883910
728198
262965
939665
50314
881307
577636
361177
463398
500058
462942
540987
42016
253755
775880
905262
605924
306997
231911
463861
874241
41718
868620
993322
716550
47065
906874
483137
379654
827461
368767
501591
227623
905273
864597
512268
952150
106314
699979
229134
974182
892165
953996
921940
684712
228966
322233
51050
89777
23933
897388
183501
945536
339137
183763
444226
735277
132058
767230
739144
144077
921207
326247
204949
337275
318811
584854
791861
247215
733591
399871
945399
431067
16534
174134
876899
688143
978927
142920
507556
340589
392383
486496
326155
854945
440828
435339
250470
636825
609762
177242
437925
869115
888238
199866
770591
561009
329983
699202
946335
13951
903047
936691
148967
858413
695121
590347
729458
469876
353873
411870
992632
857154
177830
484221
528316
436280
200031
416178
567265
362754
445350
888677
806769
197471
353412
462396
652992
767193
986586
107754
63272
441144
394085
867162
799674
651844
916672
786284
721503
426137
29585
349853
783984
208502
210535
621685
329017
564950
936956
706716
869836
716237
110907
665840
771369
306664
771164
170908
835866
129442
826882
885331
454498
503938
850158
822929
583640
371356
516004
3401
437661
799803
443797
204991
775643
999256
224450
109958
239800
382343
520022
671259
779288
701332
461749
469095
492924
209728
714071
531561
508263
966987
189059
412214
815401
505287
744647
86172
964978
61949
460312
476032
519971
738019
909367
318507
394129
94201
961133
139956
354838
108034
577819
233648
553578
815673
386665
969154
399321
115935
431071
198005
915232
973642
26023
233876
943292
260598
273828
741540
699495
879562
520772
78575
969020
576192
978466
127971
152051
731347
686386
92673
649463
476556
26505
507129
799382
318
306325
317872
821158
814259
304566
710652
197797
576132
744322
649400
755037
110823
435648
848616
439137
911021
