238412
514061
153381
978316
430995
880619
464524
481434
414042
14100
798058
360926
888031
376699
652046
472509
98162
999465
322261
73283
545041
423834
19160
697155
825805
438901
531473
8152
496058
822025
959432
172809
58547
301158
63889
713671
196284
361945
798621
492793
3197
519538
25230
648088
14653
725024
548527
408201
747650
985908
577404
351245
524743
362166
151826
492708
712658
185396
513523
766837
146734
801863
891723
738301
967349
290063
710753
830674
84563
610768
642839
662271
828966
291244
367453
336497
969541
368130
721892
882521
878400
619990
545297
78888
301183
79430
112958
326397
2186
238445
417210
534500
145598
551475
569055
574324
93199
347371
65468
252166
578173
754727
46173
339006
164336
198550
345616
750490
852399
254178
779075
745400
147046
620707
530106
625156
279554
436682
16794
53462
856043
22272
612616
192633
54004
388273
524651
717982
800101
119251
661938
487908
608726
397717
127468
466432
112304
935283
314104
831624
53188
369240
929744
842438
233582
581982
679587
964892
128546
804683
734645
444444
183868
622594
878900
513036
355060
502144
150952
961607
147648
667071
473306
873824
91972
491544
999454
442850
574072
543713
81539
717054
484025
653476
685220
583758
232278
197221
356580
242010
31020
985159
635315
404227
445423
598585
792915
166454
118802
27829
43647
701421
388825
642074
472550
338799
514723
482975
278984
319642
690519
394244
872707
910139
224071
738909
949543
396673
765809
745305
472133
656593
560603
277832
189609
66102
647829
713466
69876
934836
321239
549769
645223
170406
579886
591868
62068
921258
277058
402440
850749
670352
904681
546579
38911
599020
392155
27020
428453
580923
451810
282250
816990
157140
480458
396477
402182
167571
390225
176458
189852
163923
964991
558150
891800
388098
154053
990956
187014
479773
197585
931626
180202
982912
497494
863145
998530
567426
61880
587945
319517
825735
796666
279310
762206
530733
797466
567739
885483
301162
214543
247846
939305
493457
1790
707919
381497
383589
829301
366078
539633
190473
218486
153712
953954
463233
559560
985498
925983
882949
811955
214483
505163
425444
145218
411235
884144
224360
627580
404987
20031
706502
448183
392416
904946
938715
797596
769498
546073
24463
368953
627102
817838
90475
236623
245524
639881
732448
176657
247963
744914
511047
911517
556711
915869
453440
983702
161480
662077
564159
835105
38927
979306
751894
278820
388498
697655
546164
29050
715963
677595
266936
972873
492715
926795
445118
97423
666797
41206
417010
903289
713783
314282
780528
177680
781914
433254
597675
780109
614579
433680
298315
520141
467740
951944
846151
950608
429885
684207
29954
233566
501928
69394
382426
854461
121672
419749
272220
936815
32373
103791
372944
5469
370482
437156
330241
764572
278112
444830
213496
251775
768948
15634
871376
279947
682497
339568
854935
600010
516856
41553
538015
642743
608397
938046
753326
337244
431344
474349
579130
908462
444522
828399
877467
991551
336742
99433
796263
291095
67915
420146
853041
22402
370364
545111
688722
355477
12085
966925
206348
805535
691572
281928
621500
706417
131310
644625
534217
433785
362823
812224
238318
888541
285667
399168
787739
356789
673009
383256
572793
863184
451466
731098
382457
520786
673383
912371
593959
329838
761918
415631
945541
592093
748086
470999
740831
863053
154565
956499
363779
240163
166323
820549
242244
639808
656752
417065
667003
208441
833085
795347
758031
471774
618708
827138
353184
306498
352920
43748
114465
