20675
659182
126675
588828
239663
946481
942956
776820
785625
112401
328430
825322
699637
729226
207584
900749
891847
392024
236679
13658
631145
422365
780662
532370
263020
584266
26778
140790
555100
852014
398082
766211
124122
985451
670428
134229
682098
36918
265864
692985
586415
44269
621630
559398
41981
430877
137995
305809
60769
291241
337833
901185
647383
88265
391834
426632
901734
799222
837572
580438
284733
741091
317499
40695
313313
728735
841596
389271
491067
756612
139304
69672
16449
887570
989605
319455
822002
847198
413185
607409
450713
942035
132570
435678
310146
712768
833928
354824
24187
67576
400476
915678
499677
27907
365560
238706
990040
417492
896397
904105
28659
564018
791437
314089
209702
230858
952409
145050
564178
19192
5728
885888
807579
579957
491619
803380
421105
650383
713963
674328
787566
639425
250896
50882
709326
172832
634674
271994
515175
719124
685411
285867
245950
649731
468333
876523
121844
217272
193096
163511
552016
942048
42387
442624
513519
116218
970381
310212
770363
357061
339564
869158
758370
331425
11267
936258
549281
939224
940478
288459
674409
981603
819822
770901
170722
836632
205103
511031
694113
330741
991016
931806
424714
533096
58796
384523
770944
92296
479135
990982
534293
349525
908295
585666
30523
721602
194040
127046
487092
415670
656942
731011
459953
184249
355034
9622
909853
403574
831873
262372
27590
767568
14921
18765
797923
846994
812923
962942
972342
247590
526010
412622
58421
587483
691207
154395
298246
169882
827353
823958
126489
563295
313620
539752
463927
520460
842919
323317
203627
17325
251350
327946
789608
689617
512644
938910
352880
908857
990549
111312
552683
366892
513929
301219
988606
686996
950866
449296
179434
739132
755132
580071
664839
547402
103815
275231
69216
389600
456921
544094
87219
69547
580735
534989
260041
581373
342070
178615
949641
276099
580543
292706
398156
111396
54829
289073
861252
408747
594076
825588
308806
756927
241394
192461
430597
779708
636386
162505
215015
650327
411800
511741
956091
529531
491215
877780
461749
303616
398684
647891
134665
736743
994160
361096
33466
759022
411858
782051
745334
828940
781594
728492
52069
92309
285966
667805
18477
855904
264968
945278
70829
98089
937741
79757
886561
831462
374815
522094
78893
954457
476920
372493
302027
810422
817107
547051
69473
261786
32828
724474
84456
378116
976042
565599
322837
814298
799900
854204
689612
833301
920347
549855
174176
722565
104582
185789
841798
721960
301324
17671
829905
908493
898571
871152
174960
793359
935159
716639
614395
286473
582171
373296
627710
858599
354295
583620
798573
120872
307323
702490
73443
737314
223727
225667
106237
300255
718930
579230
58978
660631
284077
348432
109832
33822
649017
291638
904026
13540
737039
236260
426843
646367
619628
895810
782568
774349
695085
601264
683790
279213
765973
749248
393600
926524
436676
347614
409213
767031
960380
502232
321869
143897
224815
153706
272337
716684
317503
9434
559633
925858
172332
851181
402938
123776
666460
606153
353091
972952
631066
264996
94265
651417
729162
599819
402997
723582
802943
879968
263629
740839
794120
620381
7073
581850
352404
490715
70063
952954
397238
652255
722670
639954
442179
392508
434739
165122
695879
395839
144664
303518
783608
531431
766524
842465
144940
559027
768930
423188
763962
835608
888837
46342
826660
277283
978707
616865
674127
101553
660663
358255
93044
772162
432485
399028
915498
682861
639762
596317
752000
506586
