44909
553653
259260
293559
926752
379213
27840
160594
111743
851734
756392
90134
183293
966640
764873
893277
768221
979513
868036
655850
956618
645473
714549
173779
729776
490749
395139
331560
7269
454766
294245
734353
884890
403194
977515
377217
410133
464526
773463
973534
275080
613244
791989
843396
528305
237911
315432
446883
323842
170387
159140
977363
107647
454202
661784
162516
947766
864052
578162
926989
609316
755784
505507
787590
130017
647705
290247
870708
51689
462202
931649
31894
915611
494777
206306
788151
775767
298928
53216
763875
601806
978328
926399
668894
938214
270894
837208
754698
622665
894711
919379
889434
211378
237025
247420
304538
121196
981402
170567
845227
870126
201000
489359
7866
757672
839106
849102
667647
392966
532754
178533
341920
32057
968255
873599
392228
308998
604828
776298
391027
820647
811561
327898
831473
279704
114531
465579
626650
495307
303363
685297
419362
355703
294590
398440
435377
22319
34162
295054
916911
916534
700890
458823
356114
380157
964912
901328
62865
433087
304229
569122
311460
788040
154372
103251
538179
329734
316557
460877
345079
8927
414610
107009
246967
387194
289508
247894
621982
712120
444552
976488
382063
722633
500246
711963
41818
36867
882864
340964
965196
191398
520070
421052
425173
604439
500378
203772
383062
590236
36976
830480
636948
988232
194214
816419
768812
10710
990966
703470
319611
623546
108778
689356
683088
427477
140670
417832
753047
26291
461393
812396
649801
439863
310589
850652
698765
582327
308389
388640
405832
612646
846115
73902
851538
626798
365167
68850
746227
673184
559287
417791
709909
976237
91430
287772
960277
251928
720768
754363
696641
139800
274542
334695
20128
900630
775820
858509
210928
560905
362236
714825
422232
307361
729755
790479
901632
57601
739284
403067
706506
169724
302701
337322
37420
917858
897579
455810
338131
571915
698285
354347
341972
788510
646052
23513
497817
526525
795840
585252
206846
575922
702302
426183
240191
517722
278077
578948
571274
309910
829866
914178
929817
786123
240753
739378
557393
719817
319623
832
921453
25430
455290
523739
580443
55554
505946
930449
451375
857033
854532
532997
78066
905224
82385
123460
130036
465460
876776
305901
110189
484865
165394
872384
532866
599744
179082
850944
871907
145101
235361
39105
841876
175859
587412
625205
79014
392895
596515
209618
222020
32532
504066
127983
194096
416297
173648
807953
660534
252336
307594
817374
152113
778972
452487
20830
575573
235051
850813
197568
803118
210454
727504
110441
762594
324370
880370
404669
383531
480938
916442
685713
338872
615057
359384
68648
548472
400533
590400
280063
862994
714742
573054
537794
882793
281764
291888
737789
745991
36530
421310
904553
654853
9672
339411
36611
285533
804650
307071
520117
994075
806685
773328
823254
997795
585810
214920
385383
923061
635485
662960
893020
872192
260485
575097
104559
679889
102890
410215
396436
31242
659239
948555
876208
307290
931253
504279
857303
964715
500696
860002
13382
523107
330683
364
208323
470614
408195
283811
211722
348322
859852
661862
624496
673365
317544
906915
926987
521042
791864
333736
662973
929712
558255
428876
816424
922507
529650
184534
546842
185059
735956
367169
502694
196154
539023
151902
765016
999964
416115
411344
970724
489314
735442
621133
95882
140515
950512
239196
114386
641862
494740
614922
918334
315732
229263
687311
164291
520109
605897
758699
622952
165892
533522
550859
725716
287273
399126
85159
632345
624511
