358422
462981
482769
222871
973123
264926
603505
231336
216758
688596
838309
153262
655276
905735
216498
309153
388312
195363
484771
590494
148828
339275
968503
68409
201818
463778
991872
945870
666287
622583
380935
91938
973984
522610
274079
207588
319873
157775
264489
623746
601271
902439
618823
501075
99565
941573
604388
117135
579993
572143
828029
648995
174171
792552
265124
396902
51132
937559
802405
56187
551198
177509
518649
860077
564488
9386
979577
732987
361846
497970
346738
829655
341612
910812
350395
257035
145101
195389
867905
883449
892216
696276
836675
215781
897929
935375
422723
555034
938034
511826
622046
542832
520647
697834
4779
432272
760296
812499
63233
529267
619116
238348
996144
842105
978782
665821
409266
933831
760853
947731
556392
230132
946004
851107
976438
350701
962281
807215
891567
243082
660929
994950
558242
557210
407221
546496
33804
103914
592125
215514
433572
589977
164788
369386
97972
579232
498075
348040
776578
42976
912272
906253
918692
860204
461377
532751
129343
731463
42561
824030
505465
679396
250306
690299
941910
384080
416591
925078
37876
929366
375726
706224
388112
4769
594698
259408
152898
192850
306539
736926
949814
800273
90192
22354
277792
793207
538309
564138
664777
766200
516335
476103
880400
631086
800930
177452
638712
829666
851268
450654
523778
637976
417067
941059
208971
712976
905309
108238
485148
811949
799345
912006
718847
298260
368368
226418
135525
359874
184048
49008
513565
275248
133556
787176
274635
861011
985333
924052
354296
836151
159357
410616
176809
216568
648725
197854
928375
104252
502064
291515
967527
980346
218840
618084
620816
479439
322897
229913
377589
400128
49540
462117
911843
482846
465050
164648
169590
398804
656359
802551
711257
285802
271093
547250
787369
158143
642277
835194
967815
392044
893942
892446
115566
529266
435512
479730
97
687993
702787
98131
60623
923679
486213
394403
259446
244545
685579
788567
830700
487173
204991
919117
875558
364981
149373
964794
222466
377071
366915
462078
687614
500612
73960
531731
661546
144072
947626
805771
821624
355261
776903
74762
892092
233485
700867
508363
759091
992050
172219
799177
367032
315249
636732
384424
28672
302773
665063
603244
441920
642493
472050
484696
254649
576885
289378
606920
645633
958405
173281
354073
866788
115726
284068
66108
366235
622805
341920
703886
873569
876760
548330
875267
66892
279218
144277
952092
759699
558512
723313
353151
40991
826211
316138
919011
790972
200876
201854
52446
764899
768494
664638
130833
238193
575253
504038
821649
926325
53592
146763
901793
897232
704757
802342
277578
84191
622491
102228
451024
377178
865423
122140
218644
652702
557795
927002
543439
470090
517421
103806
212584
387463
719379
874065
557648
469491
546831
598117
477724
819984
890008
946478
630341
753009
70474
666614
283006
326793
603161
484114
714893
140891
278656
328521
47464
61593
805163
300873
761872
968144
214478
43219
568591
787501
685285
64451
932099
610567
309081
330173
612588
610316
576261
842648
599936
51687
726324
812134
9859
843627
559495
738439
268519
857866
486948
764754
975721
658663
825389
40426
547259
159248
348756
412151
763767
82378
640423
215949
478612
584308
109755
390278
701570
306091
369571
186041
228799
413745
188002
821780
115420
821286
465715
13043
437397
472353
350655
160322
291648
496742
448490
961038
799550
721236
17901
36199
408706
835165
686938
447376
766847
185726
840508
247246
83610
36753
128459
208895
119845
942437
575752
