176030
438718
410043
820603
536324
933673
570682
668874
833892
84410
418235
915313
962979
315743
715429
591314
664229
513751
994833
258438
808200
652448
340824
869539
232982
454355
344487
677979
295314
581209
548527
238171
609875
897714
341143
914369
586921
801388
469361
375971
196878
589085
483886
290378
62138
480520
428990
505775
682210
28660
541166
631958
242690
655210
816089
620155
687074
483255
750158
844028
217915
81819
751447
146586
290702
529746
949547
785193
947835
2667
476766
420434
114921
558552
394113
343298
81956
450360
431644
829723
836760
238528
857653
663574
733542
682012
783790
972583
841236
291782
533139
326350
995535
746637
685962
658717
38253
717108
963923
947557
837382
338707
602398
910005
984111
610475
6788
662770
382439
275502
459141
46697
996874
330776
196353
146134
62123
451180
381716
745220
158422
579361
328524
650407
887408
115712
875428
695815
585225
742271
684583
110260
626224
355754
104798
208657
826342
807495
483974
626259
729720
274274
478271
558624
712953
538545
919391
86640
4224
465342
708208
945152
141594
25143
11985
991662
317184
290810
227034
750512
678027
689405
81826
351342
274183
634759
745075
46914
559047
593963
8089
533390
442522
199541
904082
994121
88746
480688
876537
925016
619155
718986
343411
253622
92591
991816
634924
274160
441144
514859
271489
750611
377340
28547
999237
593892
832563
500022
11349
113649
233665
332017
963973
845405
113575
592346
958
247965
19960
425304
54665
442640
437736
694874
230369
455343
746628
440117
251897
430553
198749
142455
12446
153920
40218
734165
462208
641482
456733
924081
498904
832604
983088
362734
957609
641936
794728
433967
874840
399986
280785
217019
869285
582382
549424
946083
915656
886420
523634
868323
343574
453810
178758
927173
274433
200380
946480
197363
202430
551491
854742
962579
668751
397890
48835
185120
486261
961852
16515
466661
834296
883602
310595
535311
468415
32386
699323
411407
260820
418609
692206
387924
650476
91880
819679
921918
697526
395211
162150
598497
843093
420049
912674
311386
650893
698209
369228
123181
296744
583413
974931
997832
750238
533782
811568
816585
123057
17872
543848
56870
883908
499186
39421
269284
935734
963543
388794
548098
712024
186364
454699
925420
189059
578874
200531
541705
92525
203548
432272
629333
247118
59010
960137
854367
265993
995662
268473
25792
482005
41685
64256
139611
182768
505163
490255
474983
899143
95203
851010
240834
159868
762004
111816
266633
251750
314725
617882
642911
421415
666601
97041
75890
338027
596708
878395
42923
117008
346080
131383
499304
209246
203358
694339
168380
977447
967597
862351
181638
279728
545385
553285
410978
451567
782772
182492
972589
934505
408248
920009
57893
228215
712665
87289
145893
247440
455361
793426
930368
226926
186770
883552
303808
708206
96415
420983
671399
845369
406759
385406
993429
220605
450155
798880
835185
295856
975099
103132
165874
304644
528954
420834
989130
63971
910757
83036
786015
72059
483055
672493
908163
802281
431963
364709
518491
784089
247204
302385
105342
38593
397
948415
995570
933356
600756
89191
955284
483369
733294
819978
786056
81517
338060
576358
456751
801060
103713
2898
240304
646113
206101
855420
576915
425568
493661
942535
662721
578049
502459
737148
53177
501381
566346
74508
759015
921195
405173
403406
87209
243051
249176
778060
205912
822255
77486
226347
330851
372312
701006
254891
572016
844822
135365
839316
599867
517444
790812
902545
825023
698966
69394
