373014
489125
99309
230244
253162
259098
57160
455896
219729
983728
689567
391493
406459
85820
138485
533216
716557
634284
814073
897037
251972
821767
724256
475158
119752
336053
760285
63656
352650
233554
775056
97029
210993
517478
948711
333594
259513
819394
850583
444624
833947
936216
361965
779373
951605
244028
314280
3288
197695
264194
946947
185655
933063
172283
942354
752938
866141
253392
557384
11978
568636
379875
166069
206540
201123
512045
809667
767423
534522
340039
939087
238666
49055
526750
186833
87067
843865
246584
770060
566184
249423
391553
804977
800154
993299
230982
127342
703595
135059
195454
713011
775526
557808
917719
21344
192355
626128
766452
727312
324299
552251
625258
287368
230286
754729
659742
236204
505731
782694
976159
483209
909327
755100
427423
998516
78982
638272
282129
8812
74540
65786
317152
333098
256833
26565
485046
201939
635260
124697
693060
255198
586938
26002
958346
611505
366230
211346
540380
317461
954986
614058
31510
328674
939472
583051
74712
566522
164446
528996
767838
940700
277876
984276
318620
465301
730716
529133
523617
771111
686258
243680
681253
186475
798166
360558
368369
102542
487217
816360
6615
394987
896025
667424
550351
339266
471730
444600
20677
873551
182615
287859
553652
334910
889372
970840
125508
774680
296175
94224
503337
52385
354936
814889
466832
681620
304477
832277
70315
746113
792100
575234
955969
251318
487003
996025
270357
811931
552466
706609
159409
33175
126721
121311
89459
746373
513016
928787
52963
588256
614959
403366
921619
218976
265087
786817
790785
718989
906953
496803
4458
422829
648993
499206
274367
572540
376963
150684
198578
926241
638330
714291
381063
154096
369772
151524
836489
90716
973889
487253
527036
49186
122039
521150
374524
858281
544340
880978
198663
15922
822759
380129
734181
345213
49569
263132
229804
791682
620049
634933
370987
690354
261167
661024
150074
408687
880642
716794
441645
439377
950596
108483
400761
936320
374752
769648
587917
215730
773541
221643
240329
161667
702012
804769
813503
497899
928825
271652
146035
208363
413260
152660
220438
325183
438067
5443
354120
331719
402887
343925
918426
354843
343524
881325
642672
741370
799853
488251
38897
784226
885145
790213
551315
850350
403739
665784
142572
525366
461513
22431
96593
606938
509989
389075
701253
124037
715282
324533
534570
756532
966538
985340
834669
988314
675165
963660
286486
448460
356720
530174
907753
646921
639860
408476
75047
807270
678683
101422
89368
141456
890544
766734
989839
410380
753593
102702
763226
46978
438782
824993
535672
203380
473611
39674
617895
569505
41260
340546
123725
386298
857991
125892
249676
54591
311300
324514
611192
222744
463212
335611
784354
949415
332062
578064
378326
406673
916263
750676
841253
494146
177197
661113
831734
312724
876097
377611
941466
621868
353008
712811
250008
449214
280340
964727
386020
978347
60392
141989
393856
508776
524578
396555
107344
376208
75472
681142
510720
677449
139420
906581
546379
221296
260375
58909
902545
323195
464678
151187
635845
791951
19095
145834
835773
353834
769688
754372
700302
674939
258290
685568
625411
378267
902272
785199
773336
795386
823162
151952
960009
840122
234901
359581
298470
915808
25834
728283
249780
372511
8914
423338
606681
219176
289292
404296
84177
190613
562554
295077
876246
375404
54540
98740
447679
987554
441732
723293
888037
541699
906660
63112
827777
677266
921188
784107
937802
877911
810342
340932
387660
583560
193658
