899271
237666
850459
774521
423542
207987
776908
696968
512919
905442
339498
932383
421817
360592
720952
392398
839950
413256
102586
155736
618807
897118
336690
145304
423365
185108
902333
918464
756094
125191
603117
868432
368911
866317
483452
415355
181810
613009
105878
17227
101048
249808
63239
975430
604153
520347
902685
140515
184359
621442
938195
16497
667565
931089
460037
708022
977464
275041
896408
872488
726383
565870
806405
193412
136649
73981
547190
670374
871212
294908
369375
32028
854714
540325
698762
664701
374321
390842
145643
617225
169558
258743
980436
277788
267310
572513
485280
172105
41389
538269
753797
691262
222771
516430
782307
206457
989364
316695
399690
447465
656622
248877
379907
603951
234304
702861
967132
186208
552711
305032
726874
327030
178566
552949
114774
991562
83709
494761
74438
428012
297386
770412
782110
152160
72238
361776
115119
585112
302980
868127
355772
113091
774010
74709
83483
115564
181861
842477
394642
794979
633686
620294
261414
684550
173270
326630
875289
833907
42480
890292
888485
360910
138765
682953
231383
947666
85887
602547
62918
673552
810420
310704
927772
266682
552217
602565
401363
972040
208697
58902
377172
448178
482479
65883
269322
800630
423453
653523
450790
835322
282373
315096
738499
454962
214074
213073
952585
269707
589493
305343
373698
810209
764147
755452
514024
417471
695070
909787
570046
705287
201560
611411
275776
368355
801338
175635
824367
786674
167303
965994
972119
365301
127340
461074
31431
758518
671190
497262
920714
639008
816197
842079
202076
525496
344575
272273
534895
267520
934563
284018
128261
383392
836089
247846
283729
944580
328191
361647
136672
317960
944158
761849
80332
667489
967174
78584
770258
654477
471579
249934
325736
461191
716577
251692
755799
905893
796588
937956
720066
341691
92367
984880
920702
473593
819817
771540
398796
45199
804578
443709
661541
715168
43727
391711
998047
538153
712828
308425
367237
991556
145484
139340
342621
531387
741872
446480
968822
309618
182404
576130
65872
705317
845926
581440
674769
751027
75970
624375
537464
482985
231588
449221
808710
210894
183052
853246
252188
518232
641709
608495
85564
909722
691270
271977
691711
710093
822580
448288
830186
285656
603063
262933
54906
547300
458354
14247
631047
624030
349312
633751
902395
521903
376571
313351
474294
437878
3945
702961
10897
376690
77150
163874
701625
767032
545197
933787
470689
436551
23706
580321
961465
251890
480759
450640
175155
480419
694442
677658
857794
320219
271279
886692
380843
647269
123350
368186
210174
917218
94162
530344
479334
922453
827852
891592
906635
20148
473363
624866
406384
561370
284397
170316
554016
487571
643290
745998
71914
929577
774462
893219
397163
229608
328662
175351
788785
525535
962214
769117
882553
768294
681057
401586
872640
774151
239511
447310
225407
798748
237564
869450
119170
387156
315707
24341
813799
440395
98853
973019
406736
977731
366062
218354
761939
886517
810087
643664
998026
560956
878902
80719
819960
529687
885968
976637
558804
902934
6412
234203
414974
26108
479826
689923
473710
657905
804760
263436
654998
533437
723962
334985
15650
262779
798987
257108
264007
256509
545033
5392
575512
160385
420377
466372
450439
164798
688088
114342
778686
985114
224711
932244
713854
85596
602857
374589
53281
163890
888550
597897
271708
101164
901208
823914
292922
702636
725368
306180
582332
699128
250156
407826
231622
187451
678089
407869
983672
141466
819568
595420
906438
305356
