897282
558907
87786
920152
444378
242416
279970
329297
755493
42069
884009
554562
625459
982510
618243
697544
607022
260814
426547
274729
163818
414949
647794
237387
692167
254925
914335
600557
182083
817339
627878
749323
168282
225160
192640
805707
365775
324168
193276
801705
441207
567947
560109
94019
533607
636844
702860
683243
622478
829597
795565
54107
501613
421646
806029
352700
603949
803904
1448
293927
410780
361382
445833
424102
530176
26714
403289
879280
943158
753199
869291
168345
59038
170074
201395
861990
723855
876238
203759
284500
769764
493325
830667
345528
512546
497067
412164
354551
146643
419665
66997
785964
489573
911123
589890
737060
993338
845543
914130
456986
75856
95288
760857
514518
585787
252487
486088
476239
738306
276110
604520
502275
572341
595429
795494
237865
305988
834099
865433
366502
540255
547372
208503
931022
978261
301587
188973
916665
808820
172879
406501
155629
256635
674145
312477
821368
7373
777659
854860
773331
961024
976635
991137
787287
392520
21783
577184
347459
556067
890640
718937
642168
907850
979998
95344
351384
584599
522192
399249
549032
139487
316365
170935
239794
677806
286439
665257
456355
903241
665063
170900
557336
529973
782669
696533
79004
695631
899505
335613
466108
96678
316463
937347
798634
948470
3134
577036
556204
356606
875588
504090
577180
648655
470182
422326
598410
46569
516175
383760
843797
828217
895429
267346
561192
356133
372201
735422
459869
139077
807106
104948
375402
170104
497784
490848
211306
536865
893866
308758
587983
445423
781894
81753
786433
746991
129920
437797
869044
924348
870651
352520
278719
898561
987411
48836
842983
65033
502070
695744
758545
190029
940276
828753
49663
514484
15791
656143
200458
27816
291933
912383
159330
178959
191589
93032
182687
756940
333448
998497
117670
886334
811742
249949
180286
101482
105947
369449
839383
119455
248203
790957
768413
938502
789012
643914
580723
141898
463885
839223
379226
190763
517463
858240
95275
706088
51295
148120
338328
142900
765011
469080
814160
464546
608782
80909
155043
734841
654035
20251
446502
420051
58133
183917
489074
31579
177882
635124
824812
955305
771369
993660
830287
516032
797991
734398
376849
914635
563199
63438
557007
214423
648329
181135
844743
614587
790768
879182
536730
199813
459191
567223
720906
976145
541527
693600
872108
766026
891643
986173
326793
389587
959865
894195
814491
373369
442038
755175
119713
919913
349387
5188
117067
487673
58426
676279
635206
336414
790146
913092
32406
294252
332340
595311
645037
683937
591492
662409
700839
339027
700970
416801
632996
520961
739671
894846
48682
60564
181498
175659
858072
864051
409809
663867
704339
297897
503961
994201
533050
892819
482448
690542
585659
6998
369376
543348
438807
989896
132904
798836
455854
257332
344065
608868
622399
274479
242339
764293
848961
893
830565
389976
504124
211868
133153
903993
108569
773668
446784
412893
152384
181900
843494
208192
235112
627897
551155
352600
972595
402050
720003
551203
166534
793526
982373
436568
337414
951907
926706
820799
324641
52639
409975
528048
538803
431543
953356
741312
331737
62128
17997
344802
88788
151770
761436
259055
634515
25259
160164
39685
318910
182972
761015
49255
951835
304194
723152
667476
907020
968690
658137
736904
956156
856439
550792
217608
322545
208827
577518
721208
774486
694012
671249
500185
522903
924741
225890
391731
123648
202031
903121
379115
183468
446162
147541
576834
510067
891725
912683
838136
413990
