281796
72226
125156
371643
257705
474504
252208
748360
824054
933457
809589
649458
14163
254515
835887
638490
963735
264394
298562
534792
389913
294744
325206
659926
545114
992470
538407
149955
2001
125824
377968
335980
656154
963705
312114
840993
914881
697164
16975
903921
395690
614667
55478
917237
455839
204631
734308
114224
355697
774455
151428
920522
125670
969461
543622
419529
680800
217162
993676
400175
439730
852190
648742
819708
103446
996814
337881
931574
834756
309843
301873
705458
546190
81916
321593
189687
547005
308301
930809
800455
248222
547429
514960
91060
717414
624784
756282
446928
949818
765658
315532
641665
801159
508189
306343
306482
85522
33377
217922
584907
612128
983125
909696
392676
934384
880746
268113
859920
315910
696856
745302
395691
440170
335981
503391
72964
211560
781621
158894
988396
18467
297648
675610
318438
176437
960690
207623
324334
927157
189845
356406
170035
226022
621912
466579
513972
876665
541613
885941
421634
725167
593004
469772
974567
903513
817394
366827
303362
860763
842761
96366
935217
866992
767979
801166
171146
343358
6033
454537
483502
993422
512031
740331
68834
355252
559284
286241
439174
168232
569931
357159
941102
690101
698308
170985
997024
199672
896432
247166
375020
907530
968286
958831
863980
456238
669916
596568
975159
971245
916179
57362
490005
668916
415826
396168
645517
435544
104151
844240
214580
622606
118756
835475
718512
14605
481172
93639
502473
716073
830073
140917
924480
535300
619666
669048
623044
93988
164940
888117
375386
390723
644201
772211
66578
435097
745607
923808
303580
569497
590972
157957
982533
181712
158873
701854
546475
985273
809050
849195
414685
797197
25300
254179
552501
61219
476274
501437
538904
797719
654312
699954
299618
188136
985414
39113
484196
823479
561608
478004
482451
733614
79760
961607
150771
336743
442523
666154
268880
846022
444159
501134
587146
732854
880739
564527
961587
296366
613086
973970
613228
690509
644146
505326
320614
773341
249847
57406
556457
985427
619009
197628
630562
430660
854159
231461
792833
119575
446027
269944
862901
375510
253921
213922
811141
603948
634867
108039
644319
666180
458303
997694
413800
467397
163777
638427
633702
216646
631353
480190
133560
656320
983470
674929
155137
83596
384804
24603
761235
330973
995065
901815
784375
530040
469907
205892
675318
985465
924578
66246
122264
424340
456655
173131
882130
413383
551635
52092
538627
688649
13563
727582
762629
736311
819885
317087
348413
208347
127753
556906
920692
931847
535339
65887
539815
930243
106007
117316
869471
99449
202305
244721
365199
811849
216131
862791
390472
10360
90389
347078
536912
984190
213472
511547
33146
635957
58085
266290
364548
105626
788205
261023
649626
115793
974894
236805
707303
116765
388104
904918
747294
640214
382000
536578
871901
643056
101385
373565
789511
984726
121123
628684
859473
834218
698879
387024
866225
349439
417267
693592
580486
220611
419279
935625
498711
544698
653325
486428
369013
612731
268981
670060
481372
679027
862183
370626
190759
762902
458575
322740
964948
573387
191774
560968
128240
746276
817448
477624
896490
885160
381358
725294
7503
873674
615598
467122
673202
710114
549140
660000
66618
607208
102717
87385
884632
315036
925825
32928
212958
745589
879371
854387
643765
193468
240098
803807
40529
521891
870136
375631
686800
757430
273609
150619
642209
399452
208918
161154
968806
198201
873515
731539
57320
185939
885830
248623
787031
257671
295327
232512
979470
