782783
669224
506419
600155
992590
731178
347073
717712
621278
853384
290693
535182
950308
573391
429777
860975
646785
129409
585104
21121
624616
635153
815050
515590
270540
211624
42143
337034
51425
777587
795144
266398
898691
159844
209517
559323
358124
882413
628862
222602
127093
168603
930503
981073
518251
605718
29043
221308
147211
277207
56280
3985
380155
963532
523651
141624
266783
23723
811826
140629
489950
975998
249747
889277
818181
110586
798421
224142
379709
20235
672654
958778
603684
674966
265149
398175
538135
889873
513593
102676
669646
390753
826444
248115
409045
756674
819315
757868
980781
741034
798759
238587
26281
572679
467993
274800
36515
800250
36369
591374
665706
717779
514054
629162
598586
713364
267547
389172
60711
592239
630592
168862
35233
350736
208458
358091
476672
411305
919666
96710
298561
17159
608149
688936
452998
571190
970960
146263
717263
9466
297259
993111
968938
472471
926629
570245
385092
249481
981378
577016
94982
126656
712593
979860
513083
537608
489922
246905
633635
829040
190574
119591
244144
66825
206401
568043
759031
430772
402355
631845
659257
929005
983174
452498
342266
843513
907459
36896
34599
63948
946435
323065
20961
914952
720374
156239
97993
671375
2664
639663
799934
316526
827401
632846
821126
523624
901142
54081
59012
362640
262782
310851
172030
144254
199792
622623
845833
623872
471022
398930
351366
120363
761266
833559
730047
839691
363066
371955
863013
412963
172505
993836
697204
19984
567463
907680
179024
234997
514429
917712
565105
299871
665658
514285
451932
510643
170919
752809
843218
528059
196683
397679
594890
555933
746387
617700
122748
388376
554799
916358
498063
393377
215496
909797
684746
634900
173971
749030
438138
142717
822902
716246
305064
799612
152036
175973
14701
697725
688887
904576
775273
321914
529008
499325
397682
590474
263298
890087
186021
600866
985642
677135
256899
300403
888417
550387
610097
94595
432674
309551
839174
285601
894603
98529
771787
618888
749083
864019
369746
142704
452079
10008
967378
505168
53682
308233
693179
465532
652568
620739
464962
375247
29053
173955
90142
97133
811767
810279
44898
978474
956982
611487
662378
406218
433755
368806
874585
704230
939462
733322
861868
709625
475337
179797
654856
917535
230267
336544
913046
709364
346218
566475
114105
946913
282132
13054
408635
446026
328516
234871
868809
10132
616790
665667
878945
642839
96207
976302
821946
2894
837368
324918
347189
91501
165474
483178
375322
934558
804045
129767
194611
580037
488183
209396
861586
541106
923878
837011
292380
783278
416833
59471
460716
201144
35289
816891
719925
788369
442324
374778
787533
984413
497467
878880
407034
103120
765676
422042
986690
142493
563713
637638
450197
204892
358561
935711
589897
606172
706245
769469
440797
969245
805081
998016
608483
973726
931476
241937
755408
116030
675560
326327
618646
57731
245493
605544
914511
605767
280011
839953
274102
417955
889163
829975
335586
9126
268949
899660
163021
479263
170717
392052
50066
737171
474300
781576
544503
706547
864139
525962
2212
438531
166467
982620
68945
291177
104746
803305
176036
878136
174336
488334
553038
116090
571103
779792
43377
766733
224564
275800
573655
966257
719671
586721
950283
606961
807443
779904
773787
111449
969559
687514
171342
548966
725389
484396
332629
398510
429242
490225
981078
174664
890295
175560
861330
700516
420774
769421
624976
459062
612945
196375
781299
835633
765252
465826
632704
708264
385106
372768
361351
366804
26674
430445
166456
450723
549593
375421
584362
64816
3275
549210
634326
952550
321213
980711
665857
926281
151508
11887
100480
237248
29949
410548
722447
745062
103551
204603
499812
439109
206010
144812
123158
822267
441971
66443
981103
524618
67083
423665
80176
575475
310628
609016
340591
174683
175113
457744
639657
427607
568878
876792
23202
784746
835827
369220
270646
155947
180794
442860
708956
70835
553978
534220
905831
978675
746826
145952
254460
929524
862355
293962
523114
266465
936685
957304
720133
59278
966086
607822
64702
895641
32681
101948
906076
154239
256086
883711
591153
643679
918317
589106
424317
299587
956162
934402
29435
780352
274079
130213
40859
384740
609825
183396
915840
351752
918207
152534
639698
868407
115306
249557
120109
660982
709031
176028
102704
41661
619935
654536
667449
158846
281569
175380
439958
151600
158262
804979
856047
923050
606069
475195
607794
370855
904214
271150
567000
350018
966502
75412
655509
772731
457912
527914
907004
421730
168275
669960
920803
127077
699025
559026
148366
202659
111399
77521
63189
279550
191011
643297
743355
400287
90879
497655
188718
564339
765091
131090
769550
554964
453258
790167
142456
718150
156000
969031
395812
783812
106513
665333
449269
741691
850258
698054
293071
953333
254865
452623
369020
205196
453631
483734
865080
991345
426562
949077
245845
616640
1380
440325
484830
178949
306774
326880
257236
294636
91511
266189
480725
465316
79454
168558
358651
157202
999905
609113
792152
343670
736326
319943
825925
953083
555060
294538
527420
172636
165070
705239
354211
389014
657531
205978
217104
910725
744848
792153
995194
199483
220720
352718
104577
350109
841369
659043
81745
164299
542783
497482
279063
534118
339061
970003
663195
75041
876166
346957
389299
711755
617660
497170
484755
902340
467633
176950
560351
146483
844066
734331
488618
665750
297612
354035
379896
205474
29874
30602
338098
310497
675242
337757
88187
855519
782676
572624
683618
65748
111710
74403
104658
388387
643006
164728
908662
705685
243220
403393
158022
190510
538253
96044
583732
892618
632878
900617
298876
212012
677825
851896
149627
945602
976718
178468
184737
665830
163026
502170
780721
243077
14811
311409
905546
397893
836794
655565
574716
33854
380003
499668
520041
573655
268321
791825
992643
218434
221776
98129
995016
194572
515533
279611
718644
778542
499087
835559
489282
713549
654429
935719
975354
19515
454658
467113
570243
215275
196515
28219
478425
383682
742792
796022
289780
415398
727776
243535
797986
481178
352134
117461
556680
109953
878086
438653
56513
500802
215589
122449
781620
748600
918901
612938
527342
897874
972710
856039
887699
289795
669240
385593
615153
323811
187848
526739
701777
866743
259622
355371
495522
677110
173700
293929
392332
309620
217504
973590
400198
736240
755559
653966
443764
343422
703674
424398
677462
783553
319164
630405
25492
644485
545102
738555
962012
241716
500435
240523
600421
78191
311929
113677
944941
584341
636640
290889
666181
59199
145995
956107
935446
502002
165212
520359
374781
369028
701244
124583
909004
169614
672904
54732
283109
824809
400251
207428
895780
361217
340287
691847
649386
730069
952298
885332
414104
833089
983890
402018
656002
203494
343542
593213
48360
699319
398756
720174
744744
199760
597697
910340
876648
712403
397202
789481
822744
789215
811521
227607
195070
215727
750278
621029
583536
680408
477985
674456
309504
570353
94143
399493
477381
199266
255588
624958
