92781
197791
382485
723870
115426
823591
476243
430784
519942
593418
485717
987413
210397
965083
203530
99429
741177
580527
198066
564201
974875
972580
163730
270457
610415
47498
531960
223830
523807
441987
624675
939594
387945
235706
654769
832580
533696
30497
7283
945027
761477
60211
739058
327676
801493
560069
859499
522427
741063
453495
23236
270687
235764
933721
502516
969242
714065
938720
456741
889774
689157
13151
471930
490057
274028
988344
83587
45254
43022
766070
321783
101729
726278
156164
75535
993951
697541
491071
596794
716413
792797
223440
100657
403478
62105
63985
33762
638535
619015
415686
355356
781635
193260
33814
396766
668121
281971
272540
949761
890698
201537
990656
120330
949774
908477
620270
123044
406881
77656
636925
88733
269431
455320
636007
47415
652378
910188
824206
607505
609923
145329
355174
95495
857276
9502
284687
883499
871588
825613
453317
93873
286288
992056
223858
53152
416615
117664
472154
47889
134589
565360
199495
832246
760478
719108
672620
171160
692664
770346
793433
727004
537178
704829
160489
157938
159364
304187
928142
516468
210222
86433
290851
684717
129004
3117
628354
577410
374047
705507
686260
523409
338047
722720
942197
611498
775789
535457
466241
62590
880535
453238
772763
190635
18058
315857
925652
535570
564137
809001
373462
631116
351044
30096
952957
589521
308238
811185
495176
300375
139970
285360
873971
365085
295671
402820
42913
697607
166577
458968
956496
400616
426234
95644
457516
645540
40994
240416
922397
206258
887782
403682
367377
238005
623951
665539
81296
530720
215161
971235
93219
660243
453431
92612
862420
239377
489414
849824
931585
80151
918977
217941
654431
303416
600591
441535
158500
275285
886419
873422
483725
883335
90661
353653
236127
182528
90911
806372
986115
474007
451878
60494
586708
55822
70675
393531
466229
594522
362577
101862
816184
916270
857926
360963
183636
744177
122728
305665
536121
991767
408473
291311
839775
635908
876158
720860
945302
96061
875491
185829
709695
617925
777633
997076
242872
535847
834463
608840
81941
146565
268613
326509
304356
345061
926270
979404
486494
957226
914700
886439
865076
687132
215867
571285
165244
120295
313367
59069
866710
879319
307946
19
921834
688745
217800
782258
485612
122690
253393
337787
438387
587372
721656
792591
157960
778568
816293
358111
214301
612337
37283
187289
904403
508453
196121
251397
653140
199796
39406
615881
733534
273135
441659
249233
202549
836883
780435
554660
535359
843688
628503
133960
725229
292348
800533
811580
921270
891565
694969
220519
338013
905450
177705
398343
150107
710904
568444
709267
466562
323559
819070
448686
858007
220961
903626
322046
453301
320098
2101
142069
376412
507852
97368
329584
395946
398149
521517
352323
570564
124923
133658
12942
868865
269540
615033
201593
841145
52192
613501
422661
457828
553309
684103
454851
981871
355783
79293
933488
843441
343739
471762
777160
88490
931221
447479
352563
682515
732108
438550
32852
333893
369296
427500
190786
392104
668415
774483
739847
310975
173007
116825
778180
395131
460169
948327
389848
55866
982250
557461
9495
440681
613766
183946
940357
172251
166576
699115
351011
6506
667137
915707
489028
865728
199364
823264
25452
229116
510659
407398
398200
981485
592711
341114
872819
30527
780331
913372
281098
985501
368734
539009
110438
154795
46816
54981
366600
720529
515303
272499
162523
64880
865358
257137
416772
443281
288405
247893
931658
264651
998507
656656
249282
850479
728042
712162
678643
416474
755828
857771
792775
824340
756597
505700
504931
661324
341052
972504
549758
65033
617628
775959
516942
71715
873202
249746
28125
295718
854928
575013
426435
68938
763358
340233
348012
103022
971571
700184
792820
433682
863654
642655
504817
526091
197881
186323
856711
861029
963555
304017
3428
305770
806480
230347
879852
526119
679238
674349
254904
436535
289630
614626
942065
55420
899222
749696
134642
994385
274669
155785
513776
753031
674486
785812
624396
996206
369714
412391
709804
467342
109496
753757
93392
204930
502744
321980
196576
395579
493976
415063
292173
258329
740422
418268
344681
44353
134816
852363
835309
745300
753227
137302
95216
82785
544254
930349
241099
961259
476141
382177
475760
648068
781349
641587
478463
74487
911142
202843
943412
862497
195890
759180
37310
75234
581264
122360
862307
269545
588580
859883
193364
412847
982878
933800
696757
516385
657309
3711
829566
323372
571161
518329
663679
721073
951392
233695
196982
546774
831485
208305
116343
78657
406921
258276
91415
798255
691079
662513
570565
790949
143844
941487
494227
847653
168979
727447
30922
17532
50945
104819
814333
443402
784200
437302
167793
385741
584739
347338
324713
227758
659569
381094
897516
408883
530703
187298
878284
335749
505482
655535
435819
979895
258923
859154
773000
626694
450606
377535
373265
413354
287518
674041
85646
168159
225777
586375
871854
156406
301172
7372
426373
307310
910949
579794
851682
682627
308760
749881
362724
904833
137573
819388
915994
299182
545359
969458
278615
590943
227285
399384
565337
746860
589411
872797
355473
342418
647623
733489
755568
665051
193992
932340
282576
15159
748836
541602
763396
453247
561936
178154
145968
67917
160556
967847
415315
118806
225584
258818
268750
432598
27253
101886
899293
63468
362607
135003
501477
323941
819979
383656
243840
165992
435676
998343
224909
70841
294384
677594
78200
302220
968290
689780
863897
828168
866918
284106
74239
900551
877244
522940
876259
220664
435455
660942
143343
890350
442103
224134
936198
20294
589350
381712
613567
687316
522053
643462
79911
497844
385603
7761
355048
484540
692718
783966
999361
339106
744934
169096
265300
899702
538429
616653
417385
568619
600058
314026
411836
371814
170431
536638
668202
854683
838442
441626
754229
421820
747782
212975
165698
357735
377654
606062
359713
396548
831060
505719
219839
191624
542736
998242
831643
309644
507078
551940
326987
740423
613719
565156
954191
542023
642525
280954
573428
661072
423053
84145
764044
134688
801863
60120
156483
403990
651275
555723
317452
199951
890916
975077
906671
796646
438700
897423
290471
257071
278780
443870
943036
917121
769353
658985
565958
698256
857680
791901
469494
137834
566648
686518
566418
255180
260926
920645
111243
137308
273588
859076
140141
194282
975944
773573
172626
456198
280904
908894
38693
832572
882749
786212
807145
883287
431667
657794
844741
355990
371380
17157
67227
267680
898383
88536
361949
800053
54571
820909
258785
262122
848538
598136
257169
49032
80885
299187
404566
863635
488405
139394
152975
564340
467205
871460
110354
837062
375693
195114
438727
971036
76208
472114
984133
592611
171317
421661
471234
165993
791485
259782
206454
618593
519708
235212
198302
710230
53062
830523
960928
847763
984579
890723
636484
742259
319925
244035
469953
620025
370575
313750
325097
650990
371610
700318
153583
677158
364578
309467
679727
161290
168601
998086
423738
404810
681272
904767
