982361
424599
799121
352209
638659
904745
719001
339305
860636
735724
85856
518324
27088
875615
150205
861635
517777
328228
520002
559627
30736
82206
452728
911862
440116
356865
18929
472747
496718
659921
908917
897794
391545
722922
437282
825509
192733
385643
991221
498298
625147
959336
875564
150294
898661
171963
771668
922930
963256
781146
100547
915743
37417
499131
743836
214971
604780
219535
40679
670334
343636
339703
876181
721536
856988
435964
771426
764621
35714
590781
416410
161925
493050
183448
262872
765540
755766
513709
591289
741277
881799
37799
645705
59156
504311
784514
782700
151776
979086
257064
863662
970135
776419
405307
825039
741280
563686
445720
912001
936808
