819254
760339
696738
628234
990134
754443
509044
573203
183847
587847
103037
531432
560128
501119
176510
645395
42085
844816
843813
739452
598611
693199
765971
139860
661118
939809
87615
754117
682631
854308
60912
892481
765698
286511
665983
781278
592066
296658
99583
777840
987273
129156
333239
407231
460543
712657
325781
117378
953652
833
951444
369317
605907
480620
226983
411178
185220
499056
875670
112187
868642
70823
566566
224466
736840
573329
385213
500780
835108
134799
580555
568123
15303
90496
54734
267218
294429
826082
473379
515485
340708
930961
599339
907125
229689
593836
176412
431165
380704
83400
68115
775250
92385
224491
922716
308357
349909
891888
636259
912279
