662817
703327
154914
255568
608973
950481
633920
482386
620364
712790
514366
778071
314921
196024
622618
494015
227536
782827
42830
232320
735075
310119
939370
126164
537113
673825
490194
199055
38432
884579
252542
68193
450358
209483
645645
329265
147447
474905
679977
782094
650229
956264
804832
812912
996089
117500
2338
952574
54323
719272
869495
731857
514961
313403
134254
302126
919435
988584
427231
38088
602894
906936
280492
825135
700980
768826
233598
932927
74273
662418
953878
744347
55959
435510
148548
721228
206592
743714
558714
527460
344847
611356
686829
817930
497933
59554
840521
491536
120533
466546
114878
119337
393118
816651
765024
237091
536040
430996
388952
679570
606361
246328
131037
727906
137780
288451
738744
255891
850095
307378
812051
116951
469602
960325
280036
842870
977129
473022
480608
932248
627221
60342
396543
804843
757944
4374
588911
942019
301972
727698
984475
675095
966772
172881
444373
64666
969530
32997
448581
526411
511580
202708
689319
741856
569893
951382
169387
254329
235812
37133
887924
289877
212017
993785
174142
520008
318409
760018
551915
750941
338346
644076
211370
403500
873159
804909
654985
565213
525525
417453
387407
998054
479734
186972
978467
134215
879004
321060
759996
107665
721521
64894
46489
898281
456987
277775
290182
756794
636005
558643
374349
707138
450971
621113
874507
244969
540478
595470
473662
188887
939063
9709
269693
906650
520016
512525
552102
41641
471387
480086
962864
962680
859410
225491
855313
124019
858059
504195
601927
998486
226950
701030
461458
700447
485143
280675
179562
177506
117017
397215
838326
807599
93931
923560
899255
775906
486548
482655
757993
813461
817279
866672
911816
303895
975022
307451
787733
289656
149620
157328
562617
878852
687712
592751
208158
456243
28660
148614
323940
115036
804424
315243
69971
95152
474580
190907
421826
375444
177064
585583
598258
109827
932955
902121
937766
271249
42329
472460
694318
874978
822901
498107
903231
832413
149359
412759
722325
760082
99247
46064
726715
364759
839150
903544
434410
97439
821375
845858
155859
430818
577531
262965
857226
656666
931583
372138
923613
274763
471415
483555
976615
866037
865657
622344
919500
22651
167042
991322
707188
845004
64519
827704
279147
52048
606779
652023
68362
4087
112093
521154
47604
560773
819043
633564
300340
343579
906723
27236
415255
497832
267194
514970
287990
899238
906171
581418
97718
501513
142763
666606
226694
672234
34955
316500
10636
211315
243083
406374
149461
433683
636861
157793
273070
760664
316404
695937
811418
159514
418215
287015
240411
603869
434244
468702
274734
196874
358077
190005
53788
81428
577693
453664
353586
31002
767147
64706
725355
25115
981558
572017
939914
528802
388794
642568
579103
357790
310121
9899
97989
447431
173716
159548
783508
202045
701985
131032
246205
553355
232756
447123
822774
809143
968779
525558
292950
753753
114044
570336
239319
507212
469187
658387
666557
342621
474101
558789
845342
253385
256561
968005
38483
441233
757111
894147
360877
145874
384976
835755
366747
371873
434067
88711
906194
300066
868400
821384
277479
120975
985485
171887
588148
185378
791707
496299
830076
701840
985867
975930
718793
970031
770045
916300
375510
47696
663567
923225
363008
35409
82063
559865
776641
11272
313140
383033
299314
637422
551318
114946
123199
899925
818713
472554
168752
80159
541082
573145
165626
879666
304808
648955
135781
578219
227591
457602
87975
503163
714988
871044
793614
478275
29138
377963
234830
294354
520516
428120
535697
20924
548173
395325
927423
609969
77684
479675
444217
16878
703474
226681
810103
560136
900719
404571
361023
391335
814601
604043
775794
793729
559589
962557
686762
146809
772250
423105
172180
955876
229343
321514
896736
128250
82774
745087
871652
903319
817875
570177
249111
455595
774944
660146
861825
760485
116361
974162
284572
947306
714689
482640
575442
320701
774374
462133
439311
38555
975833
317372
303517
437495
322409
721079
193945
152041
486932
937897
796222
690884
687347
430254
361990
135809
401132
778957
183861
526351
267078
273143
420888
54642
295961
1136
51104
959049
570245
438390
984406
162340
106777
923896
576188
844413
617249
796593
457252
105197
37589
15279
842886
272516
993345
636045
900327
91123
874173
256255
340274
585032
870835
460002
647279
792173
848935
140862
727657
842618
359002
780888
361788
724223
216629
679591
306915
322944
758576
201917
973521
690707
660499
175265
869135
397380
834640
838039
871636
145137
894593
49518
443009
734579
267975
701260
459465
165657
913403
24866
562250
357349
219480
802446
166167
850022
599620
138349
62662
340802
593294
252947
46097
550762
648688
121700
337980
254706
188392
30980
28524
184820
190440
109017
353688
190938
149424
271613
670019
866092
601451
761072
57724
231251
633082
685822
910898
844708
585830
279945
211294
573310
323828
718626
215581
524914
247477
614431
571945
765169
25786
279515
64940
878099
771392
944853
722063
189430
659591
397009
105424
573900
101901
949705
796126
536380
340434
71505
158721
395887
654691
436887
771761
210812
514539
854762
90610
287513
180288
146658
75031
469158
456166
380815
375842
279925
559107
459828
897865
136783
333725
395887
116512
809307
995930
595234
614058
750573
911952
378876
715815
943641
165107
802001
897054
205529
765463
865897
269383
586686
633498
193670
996906
678669
492439
649961
787565
327071
948545
714906
642320
313993
54477
674356
643018
365616
420595
571603
753629
990197
773023
416478
37406
809455
998427
923947
212204
606107
609117
942971
315689
677602
626590
699730
776036
189076
104502
234798
370118
221394
708527
849497
750056
796245
27903
316046
128510
881147
562043
973456
507237
154634
646597
22160
104193
602510
818023
42964
711056
794603
741649
951554
714675
505275
804347
988359
517569
736047
78916
183045
109167
183326
146780
897333
989174
886661
593671
118396
581946
438585
256131
205660
96952
686298
894902
695833
139826
940565
612234
303571
100555
218676
69546
658863
623623
563151
243837
503266
402151
604820
648105
890883
770958
93841
428710
905176
322217
174612
54727
853102
193595
747501
251720
736835
788737
834880
204552
114085
280702
374188
927911
140461
555844
100212
646184
907349
380464
945738
16958
528172
384983
392128
814818
377793
108412
580646
827654
873111
704298
774349
526155
788010
430590
872775
359386
220659
352254
981624
207801
229922
12817
588597
942820
874876
515363
231640
868434
105070
918299
188015
434256
181781
925833
957501
631096
831880
704677
400343
276873
960668
903126
595694
581488
507178
983351
101682
744306
688694
311030
60341
2672
254363
560935
364336
673152
299176
553235
8207
637121
662633
826662
558388
933302
762151
9265
564184
950519
684935
676344
820323
927026
70034
451695
721070
584722
547871
673127
838398
808056
740485
871696
890443
90736
593662
192802
371063
538395
730879
921696
288424
629536
228426
577784
434422
129862
588207
788346
61461
801447
291492
569614
222626
894364
102601
770875
407076
