2808
574201
553595
151969
801797
212625
347782
698494
741557
851605
619694
223907
222058
700168
452867
461924
933033
78243
944264
609793
73970
797147
280707
328174
269907
980512
722544
84823
779028
466967
248824
215799
528560
928267
944103
369600
866317
562189
994087
945868
368541
190625
104424
944877
859731
389703
148587
795825
852106
570301
492789
462946
194051
372240
193459
467988
295989
307424
108608
83464
240258
324246
786340
82487
513376
140122
988120
695547
271680
813182
984822
681963
392573
782745
396195
500290
764848
445468
384772
307289
459271
203664
507569
223852
471770
105517
842792
669538
916443
953412
796032
313017
628713
817173
119014
620845
17864
595657
440997
497110
296451
840842
866198
311232
585025
843135
946436
566415
159503
311670
794293
442867
983231
630522
550406
40629
106279
274320
72792
27621
339564
698142
179799
66649
610707
453690
246741
962644
842493
459458
639515
869853
259476
146312
318735
265531
55386
576913
416040
688741
277188
856219
191671
585037
79911
33002
996794
455682
591418
431645
335311
959041
641348
851238
738236
104606
668438
341695
298964
209344
993158
72745
239486
956923
72127
138448
172273
28646
695317
13217
823632
934950
827475
193909
405162
432298
882308
585236
944521
491546
201911
184793
244025
556249
937417
386184
51637
754168
827212
374794
827160
821799
305989
210999
693567
88864
278629
992776
230787
365517
217132
726396
91739
914299
235987
892190
464825
796909
450438
793476
436893
798098
949010
681074
31203
979093
464247
684245
792689
357902
917328
486027
583203
631456
676153
979021
729055
447153
214217
272847
499784
200411
638967
74576
768649
460182
29884
967272
480370
190510
806670
640539
852290
230858
450359
429765
91908
921361
162452
110117
244416
32968
999861
191803
190864
620845
779379
713669
84409
992718
169885
869769
779005
736804
845861
214354
814647
160614
72624
670336
356494
530893
260156
719291
200826
972172
232310
757122
430901
707926
465867
49097
567933
148709
401081
648308
155190
177057
26996
746555
319740
696198
637966
333607
102207
818706
190027
854857
897445
329371
18236
990078
864485
970143
872146
651958
587370
527974
501955
560648
567479
874199
777686
109477
375212
411793
392279
35125
468505
337003
495197
322396
738027
329180
119788
559980
949759
904192
574551
10430
418505
566060
948376
537840
810822
880938
802891
387487
952146
452433
833100
177909
602013
524165
522899
712456
829658
114144
959734
377329
961803
579675
458297
969826
46814
372165
532680
276021
11799
872880
650256
270198
900532
756861
895397
704598
858039
482723
169940
43727
51700
244688
247974
628620
999930
504254
924790
513787
496206
617928
701573
805784
178767
54681
118231
879875
538125
76019
105044
400026
131725
445619
903509
918243
179869
849183
437196
941527
702090
107533
269539
368660
828463
565948
805376
452759
92875
948268
913230
583430
570715
484821
851791
181924
661672
24286
827041
292399
8852
529164
389279
829980
133738
808616
931195
978163
441578
437490
696578
163911
420470
698197
420386
301953
317152
110198
103036
292467
371345
119654
127522
972450
7389
323831
505150
234739
574912
75220
876105
816189
754878
989234
244271
957758
89715
627271
88127
885746
59398
530555
523392
575157
398845
761179
96521
303561
124791
795269
138446
847473
938979
106346
236060
74911
99501
246413
784239
469730
369915
99500
481861
460504
750160
220482
565232
19714
396148
931467
395628
827029
833899
388872
896190
540130
95438
736820
756567
116149
818062
162998
231881
759797
795321
886924
202521
266023
143135
521627
836919
34586
269187
600512
301257
896817
936550
984660
390613
542943
216389
57050
119036
222965
887522
876996
136156
63597
161411
194707
851089
368566
365765
25766
344893
575485
724767
656863
350382
927781
369230
505091
294425
134322
236234
620113
551208
950466
106083
167127
126857
257921
732990
606773
272906
619975
142803
330550
785064
762508
325020
1934
118820
576140
710631
322134
720513
598626
569448
526105
521976
195356
403152
545983
448859
625634
838616
731488
139281
989012
523494
463956
853734
736328
765333
97429
350613
468115
346491
49155
850988
887860
965262
353506
505509
574523
618725
255828
622405
785388
515820
69198
443349
683489
251561
315831
39324
753225
522884
875532
101876
837024
141201
222752
673507
87751
456342
922448
278157
897624
195336
267027
162561
840420
189779
701620
890116
683854
806207
643852
914235
48847
913184
654278
665182
822616
594807
78358
572469
65344
301150
410985
831650
698551
888027
918467
177688
159564
843521
556178
258877
901584
489292
267991
609480
291520
46780
65598
989140
972977
343687
510938
145493
529835
31905
217102
746503
767513
162119
825609
436664
952799
405029
82087
760415
87526
772379
190445
328124
91688
906037
703639
212858
998468
423376
459673
491548
316215
537703
277707
920305
179975
263936
967113
922039
982069
761083
702937
495959
804673
486328
503131
958087
515168
314221
570494
683305
247367
837171
514449
85164
634025
348149
24960
292256
782296
906944
110605
753985
502011
541391
91103
166358
695763
2686
257627
931080
938315
393899
990503
455889
369187
74880
360953
694942
791504
233965
964707
167904
170994
114203
28412
931671
855787
747685
768275
843300
508173
21623
935505
849753
217951
872526
186685
976245
833486
598293
58978
695388
990826
759923
76248
999450
263877
219380
652597
821588
429232
465637
887768
604634
925053
356281
437686
588602
246981
255344
347816
370230
9949
469666
528468
969659
303787
325561
634571
758881
975983
576488
132305
944954
963809
519098
629709
559543
117914
925435
793392
639805
384031
707715
505467
749622
722558
176298
518511
700438
619299
733573
830469
723407
616251
679454
607342
343984
363994
297419
106470
506807
120066
704985
519380
236362
644673
728686
327681
63297
343700
666015
422339
216957
798920
805380
192817
982812
262734
741545
256470
82686
843663
297745
552511
548848
583634
382924
402508
541372
555872
358684
690695
508949
335849
470185
132961
152618
370310
127387
40980
16851
740739
292126
404756
595810
62317
838005
636531
984569
337779
542001
138681
198223
498166
222931
978317
961947
306112
924154
560339
283746
464001
625560
421054
315247
585892
720230
37756
972687
246146
581424
985020
684689
5253
100496
775483
723734
8318
247760
929279
757018
632829
306344
6961
825718
278689
549463
170756
667616
597310
521350
228080
110502
24271
265831
297395
805397
385408
807658
496239
995994
664732
432799
908470
474782
34810
132564
548871
435059
258933
306115
321945
915881
385340
769433
27735
252889
356892
276084
725551
156609
415486
593520
986889
336210
793775
546076
168026
101958
414781
676409
186571
188128
938605
898507
504740
936781
583182
741501
543320
41832
375044
954958
338156
438040
719174
180516
778420
143353
574883
770412
984320
348271
920681
262532
966310
154100
121767
420388
548281
143084
380637
40922
222391
518511
343683
334936
269041
558505
710213
724014
109617
644209
890337
244603
546820
124110
208606
366424
43036
224792
328284
507967
933589
