319546
165386
947646
833805
602122
604130
635797
880133
687141
537123
847302
382490
20695
598070
357180
820653
575253
332521
974911
489161
458289
809512
510215
255476
7480
516772
733879
385169
363235
863317
529813
858148
281525
560524
220908
853284
715934
12854
326532
925789
761537
905133
99646
889172
810367
728510
928188
117119
650758
757173
316387
251673
625506
934328
297208
391051
442190
912310
639879
942972
769700
958803
714513
354130
597444
130106
490888
634318
388232
998519
594348
915076
355117
466091
490858
626234
366794
318524
251570
435490
825310
543883
786719
31389
899070
678469
19136
84520
835921
944872
686650
85850
424516
393640
506661
483807
877501
853910
615924
421885
