287040
561489
450958
735200
585078
716788
575053
916703
657050
691153
902182
938870
96259
143596
800776
912314
381810
270729
431060
796005
960399
927789
48438
143476
611707
708224
363684
485568
274404
209737
469836
58534
347781
118465
866182
721599
1251
724582
946537
937859
742376
882130
545368
261412
389326
488617
716174
476472
37681
537257
774306
338254
612672
125595
123547
797910
677343
785437
105218
425718
179979
165476
284885
826323
770769
571436
357852
741347
905615
745518
973667
818893
770582
564060
139263
404239
35448
357569
648450
314672
122738
112376
993991
138601
64849
582575
688008
866521
546710
22643
250783
898496
321725
573438
98442
503339
609301
2354
32907
781172
364701
284240
987216
326291
778171
718250
688084
93130
777160
722735
515183
496728
661360
966407
401319
364656
873630
605043
729862
455482
916229
345215
723275
138323
916269
418146
206640
302689
752563
16491
730848
339003
593036
307485
222639
974726
542245
824411
94385
114155
362985
625886
669749
772775
484398
65119
638309
917167
423567
849438
558699
296497
894597
972502
831537
924730
126783
480580
628705
620616
934364
910999
655284
369214
148019
997810
772882
879176
285456
16205
289248
773165
928001
431735
166665
331563
553634
926614
137776
354983
83867
823096
843961
955755
759533
975397
594837
109528
178544
611885
45648
832582
623493
573536
23567
881750
816796
658848
517874
15138
882751
624286
556746
370086
835058
630846
31323
106266
297717
963630
842315
566262
778991
554931
463325
617823
346212
573291
132010
806661
64490
759924
984226
617744
980932
740710
771784
342838
491313
993850
511981
220658
496173
551079
163447
58254
790885
895764
459847
997558
181348
574550
367481
889644
751368
917268
271897
296250
400626
688633
707518
133955
211069
860423
801384
553064
698691
727070
759340
248079
475851
424746
348138
643431
896971
33078
34212
755545
459847
760614
504833
792191
693448
538332
53472
18670
182426
414078
162981
471117
490617
55879
842156
358568
771093
295956
24980
198809
868507
995423
399400
497124
782756
784494
535430
485238
993249
457380
251519
255544
278604
442915
24721
406356
531573
10128
424012
874684
746214
249870
531158
153288
400342
662056
303196
371828
210378
478529
420997
46187
176659
568194
10921
496225
231130
679453
853369
43454
44928
898708
675083
575527
879405
325859
230047
824543
871818
5845
459722
225949
169854
790991
100941
597614
119420
297193
529168
827269
632396
296494
898514
289876
869142
465113
448547
469883
200238
558538
682606
568390
899265
81200
829507
393460
566286
730810
456327
400164
205453
931881
352714
312274
985580
307567
528247
702339
315494
251393
304564
756067
285697
351563
178189
129192
783964
722951
380084
55860
556367
526403
830849
121189
506156
912691
467726
203323
584917
128265
607817
888702
816567
974302
557161
697346
697111
774368
996930
94452
882985
417759
128713
401155
475865
467664
261500
931137
190806
737573
100844
590797
271391
900405
742711
988580
46513
776728
772982
707456
778836
194540
198414
657610
715427
755209
876581
52563
211604
100808
551142
12248
938262
801456
760047
306759
512230
915885
255974
144598
401295
484548
699579
197681
733312
993093
426761
690680
673933
64107
421590
223708
150336
417915
211425
887734
879354
700532
217609
798096
56447
271364
348762
281335
409503
953136
677045
848596
170109
577759
371696
335429
446144
99074
464765
45435
674487
971983
63013
212142
498914
647142
99243
514637
178255
513497
926980
840490
356818
638017
935991
675419
935630
248638
761633
161840
183966
993498
677591
390000
558326
269149
347804
972668
596909
408458
642486
410354
495327
759357
846114
493365
667892
556431
544598
483496
188393
239554
86810
968569
197539
736139
960041
29095
626453
786834
804376
141076
183456
303208
653978
878717
131731
891465
50252
113643
65601
712909
768169
946648
465210
305843
138463
959539
536812
563381
935400
403265
480846
689065
174678
869884
727313
710213
358339
94027
586321
81877
928524
300894
552706
988957
173342
180612
72020
854478
981076
99230
400937
703889
905420
203347
837339
904023
785044
606263
161512
520728
764902
493984
806475
538227
812166
826058
611842
73430
277393
547448
492369
220953
811717
38004
849943
14870
11247
817060
184053
400470
514407
962984
136422
853285
680703
313319
136816
357324
145678
196991
290157
53291
282812
922126
785277
474199
418111
850647
376298
951087
694030
621886
528166
579684
179222
173987
276377
925069
416686
291238
974951
940994
377510
924409
616582
643628
447628
113629
955682
855435
399993
646550
598474
117747
130530
777764
747894
875787
983416
840401
195375
421240
204256
705382
973768
981719
361017
306759
944878
9070
219240
929110
323222
72442
599055
670129
556530
306127
284081
290022
180147
38501
643814
183487
501045
690638
281424
955285
260031
80871
516986
14273
28085
196563
108351
280158
579835
731981
918196
774236
558064
317849
704664
420309
182145
937747
554411
534188
853675
696270
822457
360253
169306
323356
36262
31497
760897
65874
508894
974903
699512
314281
162558
714452
23047
54618
347428
830053
430105
486312
856937
340951
384582
196735
517607
725707
762189
822385
404189
95742
21774
343724
690740
940527
847536
418522
886296
721667
527146
688005
233464
189207
182731
831898
23651
384146
490507
90832
439722
827407
291929
68773
911802
644881
459808
298463
629275
684889
118188
652001
333293
194390
506618
84309
342190
110300
229872
582749
345435
923799
763451
2460
8678
486014
210758
688217
585399
388897
441355
16395
712853
503209
640158
495851
527586
848702
492228
409575
776735
545816
956060
20862
627722
362884
513065
384771
125366
726686
898083
664823
854943
945571
178503
989565
90016
302259
442332
164633
363015
496144
655884
500852
943314
548704
132100
429819
429002
903275
327246
867960
263140
675890
140765
380903
366886
974000
232199
249617
557766
763216
465207
146420
828686
158258
880842
160031
457105
763688
75508
376691
258140
346309
23030
41124
439930
600244
792825
950005
185422
682055
746673
756755
452113
195196
979325
169114
101672
619270
579863
746773
950799
524211
768801
817719
164451
830786
128200
678719
215472
543084
356195
60546
919823
397140
705869
208725
460550
174116
577539
716201
29943
653726
529133
281881
734046
828169
834573
947527
777518
498379
483280
189283
719871
68509
830142
715557
768949
520364
282671
542370
81070
251805
695344
390406
998365
896577
688581
89897
480200
347611
607309
968495
229019
388767
920165
296445
149558
640420
291959
666530
347240
40428
975568
9835
490310
360802
394143
138863
22260
722940
897417
330117
133360
771849
394532
752671
922325
958367
223673
29953
14475
964062
3851
808247
521414
270731
67230
527261
595868
401493
249610
940789
369369
202353
801355
106340
999401
669328
272226
667120
885479
895233
46176
933970
169660
973225
91189
773556
827875
110708
364692
570535
553901
547125
138675
944965
255716
782472
234419
614752
986827
17785
746407
818999
222242
740220
681761
991322
164759
172669
191904
589595
762795
181090
