354806
145275
842451
515528
716810
305112
801666
345793
707495
580547
527548
707613
636760
206941
478167
367396
590980
248332
526674
469279
543345
190322
157801
523584
804642
919633
305274
894249
344933
511888
544649
498251
114000
835920
26228
151153
396241
255975
754351
976902
867711
294460
302668
658585
456665
543742
56035
380584
700471
919033
224470
107503
727891
496978
102185
822027
648374
282050
868077
217609
887902
835035
818971
729462
891002
446906
518120
39125
220159
685572
694719
744079
867482
594490
883155
544891
580801
844108
802089
923884
64373
259149
157680
344245
754248
989612
894277
349887
263985
641933
276081
1318
646011
957137
102074
4624
513716
399249
862610
207667
