851414
649993
226123
200949
280641
655257
391358
648225
917010
489350
141522
268461
183019
154394
3186
933616
931596
664690
326361
64763
865923
691400
19631
840865
474119
744158
99851
928760
482200
218615
884560
103058
844908
902592
887788
747440
644252
216390
471830
972120
195671
58133
611890
556049
530353
505824
925750
628355
905649
843138
930157
12596
480662
147490
198953
136078
554096
348774
467443
293804
581158
808742
166178
644597
659723
866247
694407
453365
38696
199668
40604
285996
611538
796419
46805
830749
1068
431406
635233
952734
383477
512267
928757
477391
424394
67041
762180
737499
708013
828036
43116
183867
713802
624537
448277
988702
898287
819209
854015
843044
307277
722320
75970
604308
346648
860936
503301
126325
65666
486371
69803
93933
884770
208908
730800
337366
678700
376016
674047
862310
413309
602276
360196
915547
632989
8894
262518
292811
454379
301671
672702
574158
167775
395527
228224
979734
849810
793072
164853
808990
364306
931291
1569
393971
50991
612811
183301
761964
371460
318623
218713
698548
880753
785323
339362
986132
578343
340303
465509
139787
32992
176849
24363
827600
674280
854205
582987
756062
505953
248220
251933
734438
358688
234584
493919
776189
934228
942068
485341
856273
311021
300594
602756
836107
173236
280789
619854
480578
606941
399957
957038
174879
347081
832928
624764
863650
740122
793484
501800
612522
676815
79191
801284
821433
702481
516930
538090
953879
351780
285774
738926
971674
673840
665057
172308
396577
862785
509785
259273
876381
808911
958141
447897
358189
916953
600125
257647
892769
573671
845153
762246
732810
409198
402919
203203
4671
774536
752308
757701
309778
713784
244181
841307
201451
845866
141738
763106
639649
521504
622309
24783
135120
260210
617631
758561
239897
509541
864125
397673
112737
619740
516312
330857
247058
218054
58223
126077
381687
4655
58948
329493
817211
990579
839590
532960
357643
269403
636252
146183
342327
935737
710571
904912
636412
823319
765373
685945
739992
328322
24115
81902
689886
561838
486484
546550
464988
426151
935878
198908
924540
140151
117428
83050
261596
5107
882730
416519
873351
628701
877723
421485
654725
376671
98487
323738
398526
240598
40182
845505
506252
213623
962203
326105
351182
237540
300432
233332
308024
652550
181225
525591
607545
971450
715654
224230
577592
939072
165387
390886
445790
300534
887989
803119
62169
223643
77608
538703
215411
520080
760709
118442
850743
519563
394432
308113
735421
503714
122943
408549
829084
783681
454097
68188
25790
924490
828504
756055
338627
719593
812518
204280
752799
847011
124142
723020
82874
791899
348717
259282
6386
650914
869429
74232
635061
260379
362679
22000
132753
273847
815313
364906
338323
611722
394791
232456
837186
186168
490858
78831
510048
582650
312095
977971
428583
662363
627656
659771
405439
735549
724868
412298
563743
537246
836909
35258
808088
192907
497156
217808
909325
838740
444290
237013
246567
511075
628840
470359
880304
696581
649777
65736
725167
406025
37959
663944
964932
661973
328337
100320
280407
876983
688084
609590
624010
409755
637586
968783
855498
760934
938279
256595
616761
285298
853242
571222
625694
745151
88848
418345
967753
489302
180577
687606
861920
922514
376402
658263
501157
310375
243873
41858
907149
500480
615005
391813
707628
789126
648825
206005
49772
531195
992155
399033
564247
420687
554757
342983
153196
848240
393617
682110
466345
675967
104054
854206
697922
554644
12234
274352
58008
877000
426706
71098
805
553771
893193
989621
911787
38167
584496
951475
871477
824766
519431
935329
445964
609599
537481
88478
551703
452708
359332
601614
404797
38397
745602
767711
829147
611170
189109
260977
30814
697393
361988
94712
947065
943303
261879
490443
360679
947382
425817
916081
786526
25080
502266
637695
912622
635361
616390
150798
5185
42764
753049
662594
997712
931516
724973
196157
111484
771568
240319
439154
200594
291667
890884
239665
25987
626451
376880
522672
90411
835171
349733
36391
972228
44352
937153
720635
198341
622172
141788
410383
551606
783563
659733
443826
660111
275312
924945
629604
995436
265801
501348
124744
78398
784939
843937
108714
297670
278940
858946
234444
776328
755494
617545
688088
29311
800120
757871
568289
284138
314679
177757
463502
970767
498868
388102
581382
438240
635604
179625
837766
272682
379101
492898
299493
138120
703500
533295
427802
556960
833211
270286
974806
709997
294167
90580
911730
272233
516694
195294
377093
524251
11168
557817
285005
167092
242564
323021
935142
930925
941661
865865
197291
244504
41173
567740
938037
183965
28993
122606
987000
591983
796521
10501
618613
250607
521127
169626
153462
555232
130321
750492
290578
261621
484043
339113
47613
315220
539199
661293
627197
40682
298579
468942
685299
330912
631641
343078
575319
965657
294093
491003
215334
138783
819813
204139
400553
93223
62884
781535
562551
476211
328166
23970
227955
330357
966395
692979
746894
96500
472443
968590
141981
119688
375545
354895
185428
811407
255539
783690
251269
943967
992889
582169
735342
453158
49424
616968
555354
300248
630691
632463
851684
667533
887764
134636
824038
868061
694504
170781
124641
656135
389205
891601
571542
955711
13251
976974
220678
590085
452869
513121
392035
729463
379958
42100
174725
82353
728455
480535
11344
844723
850278
707303
736003
649518
721045
739627
775029
348392
934669
733099
351277
328729
802695
710711
117491
292898
498707
134995
156559
653658
255637
52745
398542
989961
84797
684282
966330
332182
842501
314970
795695
638915
931282
971568
364931
19544
24821
323558
999515
269468
785308
748312
877187
993141
798286
722617
756567
463473
497176
533531
47694
748054
475578
558153
247908
316842
236282
82257
273523
810852
330500
194137
509623
159898
167289
819959
897747
110567
227043
628802
77635
490449
902131
785782
45413
760186
712975
953576
363955
312550
11
222804
229559
194800
818123
304239
391080
652349
853217
257858
428896
954989
853004
268406
572021
590052
174153
130035
620673
178284
814663
371314
856874
443980
581750
227067
977060
883425
835149
1145
252904
730260
992132
478057
544103
661903
896353
363215
131437
55608
500724
539337
72033
575116
118114
434307
897735
324238
977320
254217
86716
820682
746870
612275
779679
965245
500022
620909
174109
226266
347401
300180
167864
50408
616903
635633
236496
445005
960205
623814
373635
770649
397703
404151
171103
346329
172368
743299
344258
361888
800438
209381
352514
555724
268439
711787
599693
959865
31333
263750
320969
322654
326650
776317
249423
426935
171656
701029
41264
369546
599648
40425
705410
633137
160641
84152
595008
170427
249288
475916
445097
473267
999489
175307
163939
409439
678946
308895
227336
762425
333604
894537
395928
438581
505813
664715
452776
2918
971108
543158
421048
573694
274119
112422
442111
519606
516992
599935
236360
75745
656856
844039
541036
584156
438682
709202
386704
365623
57595
216650
975
259838
236239
800044
944329
301170
