551535
507756
934328
596443
828359
973992
672964
33641
496994
389477
552247
665344
557591
833482
434526
639866
312628
873662
765049
70342
975043
448718
532185
368358
40491
448445
522623
946193
631807
11455
978403
987826
438638
777820
808087
706421
625594
46916
34122
994626
853118
122798
253913
935211
86688
944053
946558
198699
640358
579450
105817
665154
370045
731555
866382
860646
298530
796335
707431
755510
65315
6377
921202
181182
107933
568971
220465
612661
261259
474926
44956
427841
848684
322115
907396
248858
805811
479282
487783
325859
578269
868209
951433
142653
993599
411215
734282
763509
845155
87463
100528
502997
671856
175898
841550
477483
753695
641134
471943
56536
