211651
251749
131080
204658
408922
61053
635021
905909
267335
396089
449815
752951
110079
981893
419773
926831
304237
402629
413367
64118
555797
976769
299671
601672
72677
763354
825581
969662
906335
845245
710880
321839
129545
897779
920089
230791
20558
933043
761051
986145
199477
88904
235706
312063
625072
635736
632252
701994
364723
923476
27844
990989
296717
853623
498677
860679
112858
247525
735249
803601
380543
510511
24626
20690
286638
228977
842805
751771
34540
944461
2574
84064
231253
427816
114889
873245
342636
846102
852648
418908
222189
331620
26739
196919
686956
573953
195232
942577
503769
951935
147145
164767
723967
298191
86544
361822
273693
981209
148398
686084
