885066
813120
145924
342372
273964
684836
684333
818115
962346
757398
418634
782194
917910
184129
684106
213192
894663
942638
526558
126624
273266
970731
857494
401675
997970
665900
248783
314382
758890
802009
654611
247993
907680
323776
169544
791020
145030
499798
962499
51856
414010
839993
182668
882567
495812
211962
801285
971837
960836
261767
888961
295172
549331
42184
282691
325251
74617
719552
379562
239576
670185
288664
935965
618687
916569
996441
28395
122838
433642
123499
958606
471706
275313
807329
44870
793954
395018
902486
326523
763857
387236
805015
626185
898294
628565
975156
850159
472521
758704
606241
894225
917248
443872
643301
375940
35951
413570
468736
589294
88442
