383463
641230
401354
547405
33064
962994
104857
300973
914601
14236
65098
418700
730770
128942
108722
467269
434996
507933
757196
207306
901247
301935
442931
696932
516736
376026
127967
576318
280225
581948
769023
419493
345418
416919
672692
506812
408430
36586
341552
215984
526719
614917
22340
730110
693572
47616
851278
327969
883867
214170
29655
51368
669352
499517
333902
65886
570884
642071
450831
58536
34593
944583
182524
937438
538278
858994
743305
749476
555252
330817
981759
933250
394598
767854
418469
9199
554666
817680
356781
87120
525701
602404
29686
514436
471611
40133
187206
688566
742881
875945
271673
166820
788941
839029
42821
663449
804549
364295
525720
185784
236883
212939
925223
949873
671036
754878
836215
974226
364386
103859
123352
848505
644262
722130
46224
136303
797780
380004
324795
651926
794435
879673
910718
244703
283432
323945
28978
245489
437240
313279
3112
493897
573063
106865
749158
748632
449516
473104
502073
904444
205861
910427
389172
778397
530250
433957
900843
925992
457156
507527
62037
936859
644894
954042
133551
125148
603942
900144
326390
317963
427432
7147
674103
100473
238772
146444
211745
603131
108370
83623
130253
544784
165185
977015
71295
708325
215862
258217
837029
660091
132614
496253
949765
696067
901510
842979
397916
514817
95490
597828
39979
72680
973021
233359
988208
602080
290119
915074
482404
541331
351315
241998
118485
849141
771295
696222
754906
924174
674409
18314
159004
529169
321025
940578
649940
153193
734424
833610
581708
13307
356253
492993
9700
219518
359886
644259
919713
812519
320991
679411
283551
837725
129591
984827
280411
414504
868309
441737
103769
955846
744228
427070
583330
391455
770821
829905
556716
11975
170154
271758
117964
249137
312417
393722
954623
559034
956241
727084
124696
287822
394727
709422
166635
922900
556978
235114
670344
50223
957572
381250
839627
590260
628656
801328
118048
226579
639471
342518
903110
820153
211323
48129
537064
650700
410604
140643
982321
352279
171912
957588
606979
958673
640063
611017
255158
562737
224916
963703
796610
778601
416665
810886
624274
736922
786797
275040
469112
641108
111086
559426
835077
361899
708369
277423
712413
333955
224640
484783
945346
191568
12291
211548
559718
795979
66601
115540
121969
529002
103004
377015
556750
970615
262115
900425
399603
664825
622853
659122
789348
351616
918933
986924
267701
671510
797998
170643
290845
514108
661413
61082
200002
371942
560220
359883
678933
102392
340549
622343
541053
761574
765601
908856
376320
690987
604074
960049
370817
17917
677244
318281
436214
942067
624585
665617
301273
483104
316139
285336
752509
700510
951044
457816
693701
763590
163546
10651
652676
170477
39473
494694
632575
578060
203797
720027
143541
326365
940693
154861
781098
757411
208793
657617
664590
709715
394478
51165
530496
153596
925621
413514
988964
304552
273667
455657
862133
925964
921117
27171
640625
714809
348841
182794
512442
300553
556004
817000
51040
978357
885473
703948
773970
771648
93712
107699
809850
785336
51607
851998
654575
243673
366350
810513
251263
586287
429524
214658
447500
500355
466937
563514
855341
189235
867066
100126
112608
226278
794407
937402
863456
584173
845310
82708
195099
79311
263629
237915
294984
341968
550625
305232
683936
535044
642729
98545
23758
14027
627157
223377
200577
770160
460270
579619
763423
767068
815332
289893
987391
978368
922526
869559
388128
209632
687008
117216
481794
515199
460434
479289
794493
633474
839076
372573
3322
76190
963062
66677
601377
370190
648424
788415
837334
351608
447905
281282
351341
280434
800444
437303
68539
385541
536158
57353
816152
662268
687992
637367
306941
120330
382164
272077
185331
381131
586540
189425
661534
738400
616197
34495
407122
862609
909103
545599
397878
829683
432357
817771
826176
822554
56445
523945
183818
519912
487918
305637
563019
869295
104995
614545
977144
125625
812206
933838
914137
841528
151918
248464
517026
800291
600171
112210
754056
19088
192834
696583
81969
746998
330739
385303
714012
790680
683751
531506
894838
411686
952157
548962
757117
353681
26933
154578
103793
306914
621032
989264
113981
37493
714611
614439
795664
635120
262078
172446
939996
513436
280640
748587
190846
204372
510076
144162
615762
554973
404063
84080
505888
403502
926982
831866
635321
586085
845761
86216
917343
748018
566257
146507
693437
40841
495842
354924
467338
797092
467944
607462
342195
219233
846281
942551
175124
740362
805775
208173
397632
123529
238802
695319
95543
626154
766160
870967
956944
27385
863518
515889
854520
382658
705739
772253
878652
195630
477390
224304
812221
136435
487327
798062
215243
306075
728696
665942
900015
377981
283042
3310
298012
988836
332808
102173
126755
150956
592621
273126
435777
491583
257847
200500
899735
351947
534981
13290
801727
689751
469454
823218
28401
90996
926422
293942
155440
563562
433276
590963
794607
950393
74471
661669
580527
303897
627569
462980
450213
745005
815832
335416
301487
495805
443220
737990
162428
770192
71093
861336
838632
178026
157421
122215
140154
303090
672393
409218
601899
730750
973226
315914
403473
482777
849053
192071
325495
313784
568713
382635
626701
340057
938290
612147
657109
226660
12608
242935
616116
750789
920049
975345
141397
679639
275780
942392
540080
857373
552706
936891
596619
942361
50751
657968
711340
482677
209373
278537
323054
746341
403530
98614
420728
104324
21369
397210
39889
901214
445384
506428
665876
803433
179499
373084
845859
45573
427431
800227
128386
28967
524192
167499
544288
365449
59837
486082
907078
286518
127730
410881
475194
828825
401759
568081
798138
672384
440301
10475
889233
633306
840164
233477
359030
46911
695392
806194
103168
774377
548644
264902
678549
97112
429113
582210
786556
952820
243862
760839
476259
685106
532434
495180
780958
671210
518398
308337
983999
459492
706001
184506
588488
805492
117369
987201
905767
793221
857635
226498
83367
212948
982407
50326
985094
76569
391952
516584
176028
164915
970785
77413
103534
679303
192535
907369
460049
15910
127791
27369
505986
763528
279519
33326
6347
390829
506244
469530
916954
910253
194068
676816
432223
883134
678928
249132
423274
514549
301710
795291
316750
30447
941175
341469
570078
181168
345225
915701
585603
650680
347727
489232
409024
877331
712864
640006
982588
891274
723578
471716
248408
37322
947994
976521
255616
897360
449034
745888
920368
908894
342430
374495
470896
583000
587829
22195
275853
956799
732668
249842
818374
817417
620314
280524
788936
914674
448922
411301
461408
522440
770397
494842
339840
171756
379993
683595
335218
722064
974207
735276
931361
969776
201721
29195
131946
191870
408213
612246
867942
440111
307511
335329
242578
173159
30882
737710
756342
757628
947762
310612
532123
199958
938852
114134
975259
71318
312314
962435
130689
474673
795528
456490
752257
21167
735013
529729
597582
157896
488493
442845
604691
492341
236823
193154
710656
820981
439148
220026
423573
162061
