123696
842916
396088
763522
814726
540625
472027
426903
476735
146781
335044
508408
689900
48922
529428
299802
955443
275122
707925
571927
245664
586189
765643
208246
631043
75664
605353
603185
847672
953191
75870
140967
439423
61431
176602
212159
995939
65084
224700
405494
730333
695225
838823
970822
744423
205681
516194
636691
460240
590908
231850
16787
135593
109762
874573
653873
588192
295781
508490
737226
951479
48391
172126
366116
115716
378799
456286
598994
712855
962399
28567
312506
90806
876732
535634
26929
41456
381010
374458
208759
253836
707069
265545
759940
51836
672078
564764
828264
729863
960004
83049
334982
914354
209858
226880
343698
302633
70753
774560
298189
499559
277001
626182
226536
194366
784264
7490
642789
448228
681624
356358
57776
179302
778442
199134
307675
923178
907750
162780
625349
539348
625588
904127
817771
24534
17873
911725
398208
973215
666038
975330
87525
572669
117984
234142
206631
320307
454208
619709
856171
164570
980630
238016
760815
633349
827368
501558
472987
832116
582343
528600
393333
26124
747322
760041
916117
197341
73754
562529
894035
318081
432033
834163
784528
919075
431186
202390
591948
384529
926825
512698
255506
788044
258680
119843
965188
489581
200822
315125
537590
721937
176188
828365
804366
984116
649183
458856
985086
99227
796461
459035
428374
410522
534831
351925
517827
390513
311682
39082
654384
786736
83074
806400
344027
339590
624465
916608
155765
903604
535358
920439
438056
943485
878994
357559
762049
122513
513262
828936
37650
732218
101908
108573
904392
771819
95979
492662
967001
434228
967440
837769
270394
926565
35567
758142
529808
915958
791801
92499
950936
592252
81604
774899
864804
493890
994972
822387
902514
587406
904177
506289
607858
812005
557765
904673
299910
762561
257177
365432
496648
830465
778870
996153
56767
17896
443881
577664
111984
747139
643555
752463
149450
216685
833081
162074
348194
317516
980755
671585
577828
948447
347737
286446
369537
643427
828455
641791
131362
837203
289645
257882
592447
510541
380035
818658
377600
275582
199007
343537
448398
251090
178169
571019
342912
980595
607073
81661
960987
965357
745835
293943
580977
465341
556107
337129
473306
160103
669625
71431
872244
550614
711438
2793
672944
974267
57759
40072
221
252360
661668
873268
934397
604466
839022
929361
760649
517273
522312
564794
822900
761146
104284
747758
316171
4371
225708
938457
120620
609466
212840
758892
992845
538863
301435
862844
795828
639931
876398
85004
955823
29697
788253
805790
385069
347629
856376
371439
161726
362308
280721
44963
777032
288924
155506
59477
192230
12739
222639
602431
634117
846429
799739
499886
324987
733495
380278
674353
258428
460136
787007
803912
86033
743797
144135
193142
525143
394680
749679
934818
477851
826134
882973
635772
423886
16821
557264
869297
942793
772443
599821
719974
357507
198463
550898
806
159028
957551
728981
990755
907712
877707
647166
463445
386702
225054
989612
156539
30297
670253
286951
615523
984914
378200
222096
167797
660758
57284
394236
608946
688105
193475
964656
68737
718256
87316
39680
81864
739875
384572
366984
448033
566490
10439
299714
176362
445129
565171
734702
644115
120659
151346
901010
263157
780911
394007
110913
354805
393223
730030
975860
211414
405129
294065
85927
366959
379316
74122
219289
773351
347264
823855
560394
759393
576631
286933
339624
141261
711492
427210
244588
253077
705706
869412
858792
276513
200022
635752
2516
941056
381989
705943
526193
760378
694738
997719
888205
725100
627653
253666
380785
342299
812059
313181
541653
857900
347489
237254
50799
803381
308237
542826
846919
709018
81344
94969
258018
470450
88562
762850
811074
903969
446851
842694
469564
42061
401722
247320
203982
514025
555308
72041
882833
656756
172301
611803
125899
668346
798820
771682
179509
195718
784656
692912
449238
669145
622911
742000
628948
335767
535577
798056
536677
526879
917007
304809
645246
295801
531889
584037
431836
315961
588768
382452
467906
183951
246790
905
816760
953093
475933
21795
618241
423216
816926
727442
913783
997167
696839
65845
659470
136838
983826
141966
657519
749147
216475
745951
6910
237542
614474
746766
915309
625508
625375
627914
868705
104085
755909
910325
512332
416636
336819
780641
481695
734769
853345
550228
134911
732599
901743
654895
340294
624755
165907
395126
622116
201368
806878
775658
214113
97042
695137
958894
190807
188919
518026
77102
853056
613507
544977
926736
626597
402643
582018
986728
871197
664298
297518
735361
707400
383722
46682
975286
677983
773221
976272
284008
34847
591932
302322
969797
819560
298002
366781
272605
548742
759928
833926
187097
188508
491517
206864
628101
255520
109220
563961
288616
660751
278139
7249
590074
861
173960
532835
431371
13068
92948
390365
24096
275061
815678
275151
794968
385393
892907
504949
266998
908165
123864
887128
241267
563916
634554
251611
244098
351090
692651
479552
134837
564006
84011
405379
367791
84543
945418
27845
423725
239518
968825
949675
564852
68476
265905
492788
521120
565769
677794
448543
692741
560154
389803
304627
336562
764224
39010
489822
179786
903038
741360
994229
388895
873
564788
943325
779598
280237
15828
766094
922894
740291
20068
515904
975276
344158
53480
141948
863132
599959
617229
848125
396547
113700
884498
347740
793943
542723
158931
519069
883771
609992
601349
575253
136100
911550
188846
65578
766891
491576
803669
474631
929698
150230
557150
628036
563350
525299
355292
520952
869593
956728
430714
589040
340191
828839
351359
470535
918213
524532
156840
238555
505599
558329
664366
422990
422994
851695
674737
156392
720454
568941
295680
258540
117778
909059
506220
906545
210090
179559
77310
793402
948048
241243
7798
715617
862335
337281
751213
856054
625490
474028
751450
985298
490155
427444
507536
518917
151601
442507
769413
876433
738718
43250
356555
37959
325690
49199
985786
837980
474458
29223
313491
98960
581950
734771
873624
96695
442396
46790
849601
856087
975584
964015
144004
402569
405792
147219
403228
271609
350773
694467
206782
518616
258439
895369
844036
648033
83239
847710
350897
421707
764898
431905
8280
873492
258074
344884
631168
18226
262736
970062
442863
964227
16511
482837
800496
225861
227945
711421
235889
834969
379851
685968
179836
346414
613063
694386
455175
861023
209369
713034
260098
197025
429732
184079
451973
341303
974639
3471
935433
961705
828385
274341
778263
581483
89413
498729
201518
690098
856503
739787
344608
431925
176434
41618
511578
210850
75011
253025
192506
552855
222298
306368
394863
317424
877177
573162
424167
438748
663379
586257
296322
420671
866573
811057
316396
278185
408615
258617
929502
335878
533151
788544
624648
424378
139958
357933
376536
482945
936653
133417
265380
347316
561687
156851
609308
190737
614213
603905
762567
650941
525843
872608
561467
310545
654325
699682
910138
959431
102087
766151
353071
955469
603470
39118
221211
870114
985384
836189
202590
487372
