815687
114505
611212
886188
438079
770860
176901
462424
204088
362351
24386
464822
246638
730872
746238
490532
292344
76605
29372
489826
45546
901687
945297
11819
105011
68772
445173
344459
714191
862682
493865
844056
36728
694819
147883
577040
494356
790635
96926
972248
327670
332103
91606
772332
268885
676992
395708
286356
369951
824254
920773
740274
156962
721504
865563
49340
700127
962439
133038
656421
703483
981137
574439
384977
162798
482866
313073
3950
723972
721008
386955
943091
689420
588644
868827
704945
428135
399651
404805
199071
983838
798701
72849
20063
484700
343475
582830
614690
434775
246974
895382
533044
616405
590521
105130
867925
418003
956410
964234
741889
645702
223961
546074
772654
434732
982980
813966
10812
18995
843695
851908
170197
184856
444527
393551
449488
200565
678458
836517
835828
397577
426114
772504
939273
282161
590519
447096
302456
186143
775855
157987
389522
624172
277792
856124
20302
522891
944333
820570
455754
775715
186085
809134
847930
445121
501192
63644
865777
497499
44657
564772
326083
93859
374856
260061
477024
175354
270901
501996
591296
585490
985022
586683
450196
76396
126106
446177
515291
611387
494151
673958
581870
914971
777632
92076
557682
775667
207631
102636
447557
281160
701700
762869
783486
867935
556528
186434
123257
346414
259556
769480
376450
8500
173528
634867
505328
898100
91405
269047
30638
303352
842178
488481
156495
426126
717756
541729
310694
49396
338872
128976
983619
840162
452672
679487
952110
410880
247792
552549
121773
580866
10918
844245
386261
737704
563556
426410
754475
517054
919526
656030
337380
535859
82828
200116
423278
460689
99025
282852
813481
974595
333884
277303
934221
791698
351384
535622
315679
872047
363837
223444
620987
528168
982559
722904
838671
526520
95237
899059
699818
351187
284656
894664
46968
183340
621633
3175
932600
524733
588236
959042
218842
125738
588433
939475
914698
413327
144094
99879
5198
93064
662005
989797
724948
800402
833676
550431
752929
811748
806908
721133
826819
930715
714209
940243
537553
431361
590981
397849
396113
807521
640248
907233
840710
809858
765183
551635
267602
472139
334955
193892
68326
297587
619599
73679
845828
336526
274739
620916
169506
853992
435992
421145
392298
795543
637272
39334
38909
328522
69939
663359
935636
91100
48373
382900
981065
360706
565293
242070
316651
218074
467414
165125
545283
644027
616136
411799
580652
699486
531540
780898
389460
435760
92760
359586
208681
93693
371410
5556
356747
997717
774867
867963
911645
536593
535031
724700
350183
860977
813270
6600
264708
467146
510848
178810
573511
493529
789776
493943
149009
379887
275394
198005
158995
190987
228699
691108
91160
991998
233059
518354
829662
729009
480099
415546
146138
532957
271435
51307
117458
181328
781307
263258
921571
848797
389156
514263
113350
170435
827688
941914
95490
328514
426752
13676
836482
233248
344269
909882
153035
824813
178753
852038
184978
139369
464943
166074
762100
237445
956062
823701
444547
76953
974883
934506
298296
624660
762564
272819
146980
511990
727111
532688
516114
865936
165960
287187
875176
81878
695273
348369
430467
462514
903453
886826
923223
547541
320222
352146
898816
326535
266641
569124
167594
489963
602348
945737
808822
189967
914404
16172
868872
170034
675336
147039
327484
820932
965431
823755
65879
960794
886606
592239
244403
381000
62210
883644
971995
711751
40650
772885
488306
438555
389440
396517
554286
427813
357770
103317
708633
627847
817111
705325
942006
849947
752386
532898
837428
83017
421453
367957
873317
580724
575624
478720
447425
654481
59928
614923
794468
597557
550747
820940
981616
308280
403560
155113
691468
677037
702264
92415
103726
538773
229178
236425
227104
449561
419123
549676
247369
309791
811435
199722
50952
145628
877886
159093
926261
427272
186958
148168
841290
27039
738577
675833
99202
732
742524
458504
318106
426531
718085
743364
752115
219414
304336
795741
577627
357839
643046
153324
863681
677876
635768
984632
979014
139042
438022
929611
359724
975378
26295
133516
938613
913629
627041
774908
12690
21939
584889
240875
918312
207648
498205
862313
991130
227621
861700
145003
663275
246022
439022
454861
981271
677685
551619
582295
614463
927094
313969
164073
898817
136079
762108
707060
649012
267281
89986
80124
587731
825403
729640
882206
259694
965833
145653
515415
827767
481815
834623
281395
785270
166533
492204
556620
180151
914777
958367
72047
312169
585954
341335
14315
28258
771814
56367
231677
865051
525779
446370
622456
95216
380524
956107
569645
80796
301065
826837
173808
710331
932024
454530
212904
201631
922357
714381
239982
960744
658547
604445
884709
147039
471966
422133
953363
350174
935046
937811
468111
894227
804894
858734
768137
872605
470247
313172
931343
334848
728862
916123
386126
537118
357813
872960
293821
999736
410671
919519
171327
384654
175496
30838
40656
181338
793694
812140
530986
512220
586446
814502
806062
961561
770666
165246
725507
46100
680147
929997
461970
138099
813574
601916
422792
753900
441361
333075
453109
515871
199962
284733
885459
832198
402339
739985
345988
714473
75161
777126
712433
131856
865560
424733
518028
55570
838044
145545
440202
165943
79737
830032
517179
533982
729735
768977
262868
206950
708435
483394
316413
672571
970387
670949
731756
357894
440694
904828
435473
440963
324507
284711
170562
346564
322268
319018
73163
191892
362148
961151
619958
865555
521234
81554
247764
109844
177221
231250
663668
603364
855510
944479
776439
10948
817110
506995
79302
792196
317605
655282
773599
109377
204821
991091
309145
767713
626760
539422
66375
94274
933395
770180
36748
63291
260028
136489
473261
540512
835459
685430
91427
245424
463288
462353
12470
48306
861405
607384
151230
219205
86154
608344
798914
644964
503415
337384
276573
763857
832778
89491
59445
737730
850730
479629
699032
558554
563115
913257
235736
354927
986429
89029
586747
779767
540859
722377
773270
812251
798721
664527
488552
867120
265901
272109
618961
180728
10258
533364
562735
370202
563886
638523
37391
272058
957739
5464
671843
726008
305735
67895
34031
592613
787734
833197
750082
850081
530261
897844
368102
292575
162010
526640
450707
300657
549407
767448
441006
107723
620856
873294
104801
267989
308513
238418
480346
955523
508865
373767
211488
11657
259978
527723
849187
201710
269966
673530
403010
209110
586188
229541
254643
514153
485029
631577
49086
507721
811601
16078
516352
552277
107791
679654
716671
834548
45506
904893
310183
283904
398494
700203
696088
712030
260085
250266
368819
474849
354622
48137
962050
178707
242091
488029
335019
527602
328892
411349
780282
362039
977719
61303
672467
316933
857206
97482
731332
115271
607972
544261
600657
722201
49654
566035
204216
962716
800719
689232
447190
560088
188827
746200
599247
124661
17929
281885
885729
983949
579110
667592
88807
943043
157080
966143
543673
803837
718449
702089
559384
569765
229622
41078
569792
742710
