988097
495721
238407
481843
626468
724777
46528
402934
536724
754972
274669
443657
182802
173568
230404
508544
284399
535507
638182
955589
468633
956197
85359
607773
792902
950109
545086
764347
911679
952955
504840
51221
264186
891920
829456
98077
783921
432044
78831
92597
65332
419521
868364
24746
658628
746913
623264
343191
42563
401081
20190
556743
486541
844791
444444
331777
944462
581986
198487
290172
791789
144130
630710
759222
501068
810246
571101
488810
103160
430670
520830
40805
22466
861985
887399
391055
774081
651565
279028
926148
529361
856714
854923
949949
65523
853083
840447
523065
368904
195526
273026
98914
844655
453995
192835
706304
932275
961746
582128
784813
