248443
43579
255995
437908
92637
715517
99222
626908
415422
482913
860696
369082
465068
976375
760196
865795
769894
361651
296510
651720
482147
281206
831747
761216
246817
528701
873398
488309
925123
265973
95765
97601
206657
179127
400183
10916
602599
199999
517985
810345
888404
853262
154867
741863
855440
618514
14532
648262
502179
362005
712203
477075
34042
758191
555564
5435
378754
412108
694762
683623
604128
888567
776371
319783
19649
174581
535782
199400
37170
235815
980449
700103
779015
794512
471546
393030
750021
416383
502413
456019
665179
583917
294735
911257
113103
989542
441292
335338
446095
963309
117738
488406
872829
231876
445722
77750
847470
901021
740659
164426
935554
645780
382340
334105
250049
85332
5950
434038
78509
740961
940229
522122
336423
613769
196413
883164
231660
642967
221136
718430
10752
1927
759588
466570
587876
568150
286374
888172
768035
25972
608481
554002
391202
936946
585704
74645
225436
166892
359465
39058
454784
508260
777349
868050
450270
409376
607137
311142
935704
663650
620254
696328
287933
268072
517490
367489
425654
446369
828116
487916
736025
542239
421250
418614
553393
832238
349812
864373
641955
26174
450886
52356
525434
272621
559340
78877
469603
748509
550417
705295
53798
176673
964568
19473
661494
868800
987872
841356
677501
318296
687192
705684
921075
682040
411485
231736
984667
201108
273586
230694
441424
899514
508516
506053
646856
116955
367368
336310
159194
451073
713914
782122
265251
584841
188953
641670
736150
748177
58939
379804
21369
609854
289070
906389
388494
771688
707301
163556
504409
166952
415736
223864
747613
722631
68827
85561
520170
673683
815023
79852
386478
523720
129244
647265
394788
306128
171548
185170
815278
737204
713673
926579
233187
89566
871019
489540
936783
64063
663637
496661
295811
539539
407910
326021
635629
178382
129972
653911
599203
387134
491829
999837
616486
782131
145312
916586
100482
706524
838408
173080
582076
812849
6030
194964
356152
571346
23723
589870
166673
882132
246377
665450
683960
979704
208574
441892
456532
417007
719368
19734
900792
943641
1172
547586
286196
802700
547413
108835
806694
561518
409296
732325
465820
751431
729109
358761
439226
432836
475726
91461
151474
369757
580621
437506
29305
452061
16377
823450
457921
189098
208620
690162
143653
461586
74416
814447
502543
55916
932852
754672
400760
342468
895329
619416
433465
843121
664014
672534
696573
505099
9397
473623
42433
442561
996344
940687
884765
965469
676269
520741
404241
391557
524032
756355
734074
404652
538937
890940
582840
480142
454345
295766
322693
957611
774741
198292
429354
519288
224192
242882
162185
740866
545724
599756
16406
383077
867717
17682
157206
46020
652599
877665
456076
470782
548942
874965
191166
588519
28843
705793
326361
755569
190431
440746
826138
762459
957507
185460
55268
559470
643468
62503
320961
809619
805146
523485
343546
191446
875807
611294
717559
571786
790957
479923
604655
127837
421649
382227
307948
95764
549616
715589
313342
389102
809659
15240
632329
209838
891092
902701
157587
174178
300543
639774
234966
360250
211195
941269
241790
580411
657438
995670
793312
710583
388007
629414
217337
917863
136171
948476
270482
654718
711434
666789
268636
165902
417301
861258
347808
65814
473554
815582
25288
704336
883204
631618
646147
914043
444183
254769
814381
540857
284938
445767
957634
811996
568562
826309
360325
299447
409090
883796
586843
963512
853422
134383
8284
856351
806831
378658
608645
857758
515274
468542
939550
715051
133482
775900
55730
684732
608204
94717
329675
773640
169038
271278
900885
957921
711141
296065
121347
393256
886226
21097
863142
515085
355076
206907
450752
771189
301425
449469
173415
443791
156036
372269
408208
113510
284538
86098
817074
102894
974176
454526
65486
654969
718670
881267
687748
319361
403274
931626
598565
746128
726395
213326
463384
848893
357124
392589
248066
461077
889239
485794
668686
184889
275242
732153
307305
772228
744985
716010
168200
452404
669189
951900
940220
957075
534899
102283
944752
801258
798
354551
629961
841408
821510
889595
90380
748056
3051
190358
481631
523315
207699
527060
653753
386350
264972
425541
633496
139398
326941
12728
722288
989223
608917
33693
338038
694931
917269
8687
385415
419556
864886
798840
485442
651760
504756
225459
509985
937226
830567
437495
311444
849495
44076
831354
596884
675422
462674
634557
571045
243610
943525
906163
82838
690768
931816
864271
128322
654267
126781
154439
895277
484809
573572
780185
891929
308716
969102
520097
936901
244385
54237
100135
948974
498811
870063
479110
948827
759306
280210
98231
354684
944664
72565
449820
731805
561601
416881
268110
805162
193621
220280
206111
880561
518031
811017
513910
539654
333208
62896
965649
452800
633867
961060
728908
472458
123303
892644
692879
683308
637804
140527
390687
447055
282752
319280
587132
116398
643694
588717
170905
6138
61199
604472
977363
621211
973076
823759
488850
291956
204825
351301
215958
123018
295809
345194
24443
336356
389256
509469
836449
601302
122353
444181
40646
734521
740243
411643
624550
971849
435019
435640
131916
521641
522767
50353
864632
591066
765261
443708
419411
542776
196064
925306
384468
627061
162319
389146
105008
389721
543033
873014
389047
287796
846701
46985
528984
333555
157317
961730
522677
916853
531225
407604
522822
720471
96845
538281
276795
78915
977029
715136
390568
203642
619303
180070
323017
32183
369088
658110
143001
625721
899063
822244
598892
91318
102462
656521
164603
897002
338229
400261
783177
321965
675628
434663
686816
465986
526945
452434
355046
332174
332854
125393
788545
319880
597757
785365
329795
228785
662204
577745
889092
218091
583264
34070
852836
681964
55329
591766
356866
271917
533403
158608
190704
154691
735784
632751
670199
893027
361104
716934
205238
519960
184166
476629
461437
316287
842179
995832
101203
397876
861418
469636
639212
510728
569127
838812
576843
595185
489651
276079
247836
471773
538150
357510
150630
467512
273886
770495
119225
786386
731458
318341
457440
737279
819549
213243
665512
946039
729026
264336
112864
103358
602111
70167
348183
664715
969220
440429
112067
391081
267171
426814
259580
333753
111742
409745
844783
714609
228737
682855
45945
783059
370617
510826
856467
384103
62434
464334
204449
758074
865873
676653
800043
971878
763216
644091
816215
295491
804364
171296
121770
762447
351135
867286
482784
453406
531593
685014
575474
637528
673056
556796
462791
65036
235582
703708
105623
326584
157078
134383
909768
304692
736293
726232
685708
108492
99829
63008
688521
359947
361732
781221
158824
332326
581555
701863
943423
433887
578787
348280
335055
609045
645342
719275
256666
505381
812954
920661
259914
766133
349538
116431
832682
497137
201987
317803
641523
433414
117289
960040
194314
293179
993612
131503
579069
770826
904849
594913
821748
338559
992233
926824
119247
916464
612590
149272
857784
823342
142692
348806
964969
224144
386416
960995
666153
