452851
640202
313425
129373
193141
521113
499022
353040
733722
184365
129253
54206
170319
746436
234105
746607
584130
26617
654229
845651
336324
562269
816919
640038
931644
771419
706857
584657
824111
237736
136255
852596
653348
578338
801283
266968
732643
622754
680548
785677
210483
853970
278002
837128
5204
710941
902207
684220
656411
960358
797757
541965
509475
890003
104670
373415
826332
339348
396317
766760
264270
307065
943342
820826
228935
52855
760026
687108
892853
307865
657449
443770
219282
884122
730964
135615
756897
166790
136339
513227
479825
241148
878398
932033
726040
722228
760224
886472
76433
336494
317758
116834
536443
174201
825895
930270
57726
746226
337249
391899
