229110
552209
553610
713806
301481
17670
484280
529547
164072
996859
432144
504773
743354
985491
278582
64070
411186
708446
443612
83353
668251
704311
493525
790686
88437
40908
27183
456159
774915
977222
898945
813552
970608
994930
655967
158748
813714
206473
229145
486759
324670
827664
467244
721617
668117
861057
507465
873408
250401
817065
796569
541056
825570
314515
682389
908791
354623
185026
894287
943186
778746
23326
305450
679005
377648
399946
162884
569728
186570
828854
789212
561572
714045
321705
421718
970296
446453
633816
330698
57563
72809
548863
686626
306952
983955
789869
315357
716254
730952
362279
226642
439212
272527
903789
373274
538944
206304
14128
451115
803862
