56724
294993
636046
729624
863692
384648
82847
290842
925902
782014
838226
384941
180580
270035
243454
422897
233837
360514
323867
706265
738232
979432
728512
71388
660509
274232
146478
864479
307581
220657
236561
792416
897989
761715
494600
621489
980386
833862
550683
12147
876688
809095
463699
478402
761788
27374
705123
251073
997923
634840
882683
959850
214754
150276
82212
694420
369561
995581
674944
875476
585421
506048
273087
829208
50713
250436
747355
116040
906443
586256
838746
45062
272889
300073
143617
568368
3113
308134
308915
252732
35199
692536
762058
851589
261118
562117
406457
671782
261101
881352
732731
785816
604348
797859
144179
128064
630336
570334
829534
135409
671310
353568
179417
628467
114063
842005
546070
744036
190203
615073
965597
312409
662837
155602
981029
916090
476780
358393
845192
561269
610891
836252
20116
765432
597145
43814
136068
670786
498808
727976
424843
911622
675641
647874
623655
390507
292934
139953
941398
617018
237485
584500
311112
920557
650974
299119
162391
557225
687283
117564
764888
923874
135977
159524
464369
422378
336513
664514
551014
24130
447448
386652
88756
196727
322547
792374
200366
259250
524054
745310
704754
186318
790662
514885
276353
497334
996413
935087
588157
473387
506456
897329
1077
113871
379655
396871
20190
137783
700970
444060
526444
427368
848401
609915
319569
819878
612681
211725
907527
567387
286995
910997
590372
189450
357952
425200
405622
753116
294286
747347
758152
781569
140317
354768
658998
22317
611343
78638
149259
164313
287883
228297
176664
897935
255953
297076
261985
924586
925393
743189
535301
388209
673349
647825
518318
753931
25359
420744
960516
937480
189463
373844
118519
136505
839925
979669
320116
477707
18628
529525
127110
6886
147900
726925
797868
429432
661466
162413
673479
886443
319214
634815
320908
436136
692760
315241
206937
201402
571196
292722
846506
458415
536928
791970
811887
696635
706928
737269
617780
674041
192236
83065
584607
677893
196013
86222
173719
59739
476150
665335
597195
133013
536917
860439
879988
902019
1258
894731
799288
930144
683122
128806
102953
279006
49408
488233
560431
418632
555572
861189
329734
774564
755166
960131
469258
716176
373504
750630
499735
586958
759959
780758
816116
14689
381903
307228
414212
260489
459143
760607
261277
79703
796448
675936
919305
943346
172463
42029
163091
643260
571908
500284
432266
357908
173246
441203
130122
895513
227546
872963
556236
747969
252336
275940
865770
429725
836162
354037
417398
456588
814647
836957
884776
792417
146455
418117
585228
787410
557826
419728
607200
676279
621941
145180
486222
298899
858364
702670
267059
400356
315677
605970
352100
859836
56572
494021
50209
870222
290061
951805
435864
656936
69160
66973
451439
220060
293473
331946
77926
594178
60712
127351
683259
142192
356996
797733
651143
825274
82608
576390
188565
654081
768421
16531
54084
553301
126013
385025
313028
963303
736210
20760
919788
269191
42243
712945
130999
571873
639977
616642
990904
137205
964870
592094
843621
185046
449519
957163
920281
972067
814588
269786
341460
577477
825296
696198
386954
43144
959383
599075
778146
359234
75151
312685
684314
711041
62680
709127
929280
981723
975942
990806
99893
168439
250110
31910
45825
71550
552094
867625
539231
952396
589167
194198
593660
981269
713959
771857
800669
194630
542460
567557
553131
818240
125628
34470
795155
225484
933335
660279
389164
453645
719719
778174
899743
220492
13566
924453
247342
122774
