211889
18299
263369
146101
599721
606592
545831
54522
642808
824000
720144
861106
805738
123783
487242
285773
36629
833502
108253
823434
502228
402993
557568
206117
724934
615835
542088
944733
771078
14416
46082
623786
767262
214651
450715
572361
693074
207108
736179
686738
565268
996529
599492
477359
213881
365898
572167
998108
195534
797933
223638
685911
164912
821318
373591
98224
987159
365561
312542
767738
384488
927568
792133
882802
843415
438995
828807
263746
902260
732061
861637
307083
40382
787198
155699
927514
432373
799697
339066
171350
365170
748949
381363
779160
415156
714358
240650
336457
628660
489249
663266
327457
921844
52086
875682
936277
991188
195129
281529
302165
781873
93567
715391
332791
837053
906604
231391
36426
861718
477861
235480
328389
535479
203715
251142
989783
669506
467358
475303
805859
364311
733503
696351
264269
313066
464348
248991
958394
794203
620443
213493
337703
561209
581029
174235
953774
31917
948032
823375
488635
956629
71426
781353
420930
553112
409930
934721
279125
798164
179948
259659
163649
725095
518685
248221
976200
373049
186981
978037
451394
625144
363463
365049
687616
959908
109399
280592
90225
37986
853898
315675
781396
323607
528363
397615
309067
491921
884673
818293
481455
853143
742615
99676
895235
975084
92939
148475
135216
775235
316512
172643
721373
772294
477119
494881
368917
62081
913768
497660
112831
232808
952570
188281
259591
669560
525374
928140
152952
999581
603505
216913
165237
441771
703418
228225
900346
706845
248984
541250
632695
994034
421412
332723
227894
646480
934632
965104
292482
173843
476009
404555
884534
745658
982170
229628
294089
930413
553840
934898
500271
871768
755153
606731
560168
817129
246935
749307
567396
652497
926169
840160
908006
577721
41012
436864
194488
592781
534072
147036
528869
989488
67605
777581
459034
252569
982633
225961
803428
580745
165840
725133
369838
506036
797283
596957
517419
632058
764756
852322
901340
693921
166898
456403
42531
827938
829428
921540
723019
67236
643345
900892
481686
47504
352186
217968
305753
595469
39728
671912
513890
215999
23537
329202
816761
201280
151056
572611
122287
737733
932944
471046
139142
43981
861198
37984
620746
349301
612342
18771
837073
123750
242250
335278
781960
454893
854353
499278
825256
405177
391104
196058
116018
652658
213299
707252
37498
526270
137136
5947
194215
861396
859677
125138
637097
747010
464162
72305
691595
802350
97393
674508
565638
543938
743367
31740
606745
324006
369565
301195
895389
544049
857083
553228
688312
732163
9793
777476
200589
423994
116387
584817
377934
607999
747806
166407
400234
979781
94054
36869
867448
45101
904931
751452
844805
388164
776513
623112
755734
292681
166309
255468
707898
552486
337486
220791
202862
568791
867822
636215
113769
237083
798035
157688
603475
193014
220074
652113
253563
634757
973778
542849
486358
811456
733856
220113
89247
486025
159541
392419
4121
460408
425317
600246
635742
507591
299712
6194
1669
352768
382637
377132
838752
617043
863524
903120
507816
647148
566772
919531
840921
185335
845501
323271
615375
926191
366350
337801
63236
14531
795696
151584
916956
296789
175080
850564
872400
145196
443829
443484
428901
227347
625990
843226
586910
688059
609828
760390
669890
715228
63546
46536
821146
944340
173163
843567
302676
538318
363180
741840
902930
386220
942307
66685
236247
892031
130904
188222
138864
764020
581438
534569
656330
387621
821155
570425
933115
650118
56454
788069
547720
