460900
508453
89944
629927
928876
753768
825789
870366
576742
316769
700888
978307
17362
869002
202299
644255
43175
121734
211939
556649
911046
930079
433793
997017
261667
301115
556471
853158
970444
964078
477466
529651
557875
512328
832355
129731
539228
946593
312890
30142
555324
309709
854026
572911
672190
619923
445346
132377
924791
718235
374567
338394
71320
375198
314724
432604
336307
618613
52267
195884
663990
692204
523616
941562
346328
85629
674387
365827
611724
370397
414978
376452
515295
549977
818626
227114
991772
816861
192251
400261
488428
83342
362305
899458
688074
169265
850306
869755
52727
719991
116175
8485
643957
60237
231787
86724
820756
4711
362580
855109
715265
225980
539169
69168
891856
972524
180795
435874
695276
73892
137215
10701
383070
519808
699378
225379
850157
383478
621021
335954
583519
322628
384706
556321
317300
147339
384414
573163
411605
206856
893592
3460
202739
799181
818175
537461
804910
585444
741939
394134
797921
311342
207378
126666
870128
63093
659316
707471
277933
435115
84549
151526
881955
310412
829648
892698
544838
403280
118378
573490
764247
272159
553822
345267
169025
533119
208373
194593
184285
104083
992070
654120
993051
358458
163068
568519
431409
672494
623296
826569
228659
403691
92292
864210
391204
220689
934302
918755
132673
453619
623929
60256
648385
500088
772407
143596
553671
912452
304221
916474
53362
392507
16921
96988
798813
544292
941820
551687
637427
813320
159228
993824
749892
400004
807115
928859
744797
853442
173908
628062
69574
503975
717251
36622
590682
61968
417339
314283
609987
641410
387267
505701
81816
527589
357117
589578
988192
128543
301932
104515
312766
800382
340349
511777
392203
432841
59559
502542
125600
410473
652008
351207
436596
677128
175442
539595
230329
118652
682463
562687
148316
411848
339503
697381
111773
707464
79158
66504
43158
350108
469309
314581
665294
902521
599051
358979
306939
106068
586771
503250
357070
349316
77986
740591
211188
97207
130141
157083
397817
940110
195590
955355
108711
668566
865298
668938
990086
153093
872473
667858
188166
612092
379808
218178
601433
356954
672218
613388
840272
776374
228389
191506
504502
174647
493057
347710
965531
906710
1565
614024
361158
212200
309984
296849
907801
298163
429687
721191
411007
2200
987760
820749
299764
951022
702896
36764
486770
737162
970808
477311
993791
393405
449664
608087
320064
944424
226425
385159
940849
845605
565195
612825
350808
123373
616977
385983
633554
426149
468250
796926
28001
233315
534916
450457
358562
679532
460816
427096
129732
971080
336933
792625
344400
985556
895529
16138
975321
306028
562895
44108
941968
503771
706869
557876
104049
268040
530952
410724
495735
693081
979823
800231
131442
804693
140761
61425
962302
91241
169535
781799
766099
787350
447687
343047
830756
680145
716395
569922
82041
617643
307154
552005
570849
913523
162528
163878
502557
774386
835953
889007
50262
861483
835307
197836
447451
637834
77318
503357
640791
5609
797730
432644
192583
181865
643468
313181
109990
517243
961917
172930
852511
303114
430000
304250
502348
461
835372
429745
414937
248841
527165
822206
901247
679269
395322
421208
724621
741885
675921
533159
416942
411981
840044
385758
864241
682878
625056
16102
706996
686898
264963
562647
807104
440565
611249
143600
839973
337420
393658
311312
187946
56001
354515
691026
917944
555451
917950
69149
256887
997645
174862
172988
577167
842606
282376
996531
770454
43897
834686
185238
