895223
429930
238820
236912
642197
647117
827913
539345
294237
827077
137008
475422
937163
958349
188625
734289
390796
653254
509247
853403
451680
755419
488792
997887
338653
349280
779655
212197
699213
472033
302624
726197
703244
797991
67327
38303
886986
698515
351259
657096
847683
717754
557370
793076
778173
787417
982539
680171
962980
277067
36923
370377
642308
668529
74074
887818
4888
789965
31978
353956
384579
341698
608837
623290
831704
676032
810965
315113
604964
934849
250427
419354
105799
218680
865193
78134
346810
68616
173029
161525
364460
326829
598579
57023
839110
591984
770547
738980
151387
201978
891242
949180
429186
509255
14841
826759
197355
165137
947980
520443
776022
440670
338621
126252
527663
534361
67958
597765
670271
692395
95979
119166
984464
624591
749364
551737
307314
843523
273897
494246
981601
407272
319772
391308
946940
60150
929985
963537
99798
598623
240955
699166
125827
229944
187665
413668
85490
498663
749437
749103
247620
956526
974122
760919
120143
149513
892710
230053
269802
90818
888238
714245
251655
318136
528172
202023
305024
102870
380577
161414
586378
69102
98044
302766
66839
286457
735399
965083
341378
755067
903795
623755
257044
948128
431117
850767
892314
304023
844352
44403
359497
989583
611169
895129
893262
240498
81281
115876
430365
910613
960262
402307
798447
720664
181941
81447
986271
531051
580112
759204
125567
729444
304089
899496
137720
472940
16880
931673
123906
259446
217405
163026
141080
729867
480283
969974
701038
173639
334904
399510
657601
962107
772984
679581
891214
657402
636286
794288
621737
678430
925294
371579
668003
691646
516421
688951
768577
50106
855396
847
551412
973873
221806
519788
775773
157316
625340
31049
639990
254080
610562
516727
81312
881309
924326
181685
8943
357559
115296
589152
339358
317298
137426
885961
516932
535632
929979
678486
873676
824737
414763
377694
999036
178511
507313
89142
866434
654631
655873
198713
180407
158891
34516
435644
486759
276248
783469
613356
93268
445022
319846
200652
981044
287577
28090
859660
169780
166892
654723
409066
505985
175469
844245
839192
404326
665769
198354
738513
742228
301460
865472
192673
734418
616164
707320
429691
821859
439759
460004
691123
376332
114424
929266
669878
95728
132433
156614
343165
861581
682414
175986
736331
831774
647302
841050
910970
251043
27316
861458
583819
553110
91024
660492
679382
156960
504411
167124
2199
729195
60344
14373
220872
892047
913616
558083
585657
295297
588402
523529
953743
28669
157941
580191
358635
400892
468438
269105
166305
779483
656888
553511
181405
322382
462162
212944
173794
311416
837132
406023
193837
545260
128438
290670
349733
339190
105725
441996
736598
327956
150322
136578
558794
670436
598290
981993
598314
828683
280891
122568
458822
307540
721556
987610
927134
661064
110096
559809
272755
736647
76797
365164
606133
470714
963797
631047
955513
110613
499590
852282
247657
53793
711360
930530
531708
53351
87445
819050
843402
852774
529614
389337
681610
699738
397748
779736
550867
514337
742646
778533
924260
897208
741510
538374
289335
133900
956787
694002
580948
340782
230291
683932
756994
397291
870341
781538
24963
535038
657210
236698
650077
875497
694875
703787
571040
428483
520240
72526
225623
754799
892634
682946
102330
460957
674575
832568
753879
880860
801313
450774
616515
304937
526548
105738
484842
757519
758680
653312
334228
175122
800145
44273
431574
918191
849665
344007
8
375803
643881
980367
142619
