929868
253170
973800
664129
105728
559413
559943
369400
486540
444307
646141
534765
491941
192192
696125
505940
79591
270895
775217
276732
149016
846588
926723
535624
319820
29906
615701
260374
229508
540242
278181
802353
820640
398303
435717
620048
632152
620028
600918
68175
173791
300943
222496
708235
546952
261220
492642
311468
607545
995614
919796
94075
304571
716074
830475
830597
238226
290435
216775
962222
628391
615699
457254
221816
143405
66581
673827
836356
838832
60888
679064
109227
975774
682542
632311
194128
146116
890188
979618
755685
94195
236954
320688
270556
742782
88868
927502
320953
915066
510395
502657
157367
468674
903097
261861
125547
617415
480973
535244
585290
800691
412084
260899
695890
720055
712454
895389
417976
78472
232485
275041
765402
879599
295742
424522
793399
710664
54484
554098
46276
511817
381898
665604
991209
969205
618531
752597
465821
743613
466648
602088
889647
99907
302272
290019
203190
871034
289439
27188
566983
24661
466297
680315
71095
205896
869612
979144
649685
232284
790964
689244
382444
236921
940534
555742
221510
85125
395229
628044
658205
594589
261663
499450
493693
282865
56907
595918
217292
610268
663767
817876
884321
368645
685651
187583
586000
299997
655864
925713
739456
969595
223670
904513
363540
270768
848956
107074
205956
120597
847301
170041
89922
304091
624155
833351
623355
341183
601966
899793
524400
627140
542039
112352
167044
343272
314884
50727
184387
430861
362827
443068
754398
897159
200050
396253
277665
667004
332898
771821
677783
327067
73011
427547
468877
219203
224689
905542
981289
493332
714383
396679
143690
307436
453611
729662
286303
798294
474746
943732
748138
673436
959889
891899
522891
97380
182212
526347
92007
113421
986043
278369
59691
256897
537365
145112
543766
830363
258705
251532
823870
699547
755137
962767
72796
351362
652018
945502
348883
726375
794832
500019
259838
990215
23020
368687
615094
35892
997571
635726
252296
363624
307238
977055
19465
933930
656814
163267
190606
995159
330548
386623
640824
280875
94883
417807
20649
713026
982430
802949
896836
105895
317007
157066
799678
698947
814762
42020
791552
70428
152920
524366
376476
8508
889133
884500
711534
174226
567844
698059
643937
418643
646352
908199
585735
234567
121907
139393
904942
972622
233888
622109
737418
653318
379088
491567
519889
734249
876927
900551
110058
452439
156197
931018
287374
624840
220954
760281
149246
390235
42175
833517
686934
871921
997003
769024
472206
357100
868630
435810
817925
622577
902077
152976
811123
558839
737510
563371
4482
295352
357774
653311
913038
43696
772177
345892
310092
523161
624196
215651
966582
989638
696849
337770
652702
593252
49951
536293
965396
434057
405433
196761
349837
452907
547858
704726
727029
465117
114748
83474
606527
546755
110896
634689
991685
970145
915353
267592
130385
613281
691460
669098
199578
146620
239919
988075
495985
575436
283118
747689
339205
385623
557039
673175
47171
110035
10854
696201
743729
95780
800743
220278
170726
335020
714077
602263
112127
546227
439755
792998
806774
795098
895198
630452
901697
871325
677537
960513
527544
961711
412636
253197
502846
367949
163697
793875
821061
828806
737297
182849
491576
497504
456564
155902
178036
180466
889355
539276
199842
580972
973455
169894
343630
800517
329112
794826
926899
748227
334641
765597
626450
290922
18187
653925
74547
756129
590944
944836
787018
485974
814910
952847
140523
931883
416575
725275
868084
285006
954070
683488
478589
