853515
435058
205583
953575
654086
775488
441048
706077
953886
989458
192499
895
564435
773921
401770
905564
319533
102758
44335
441092
763606
185732
181886
679943
779949
342879
643009
502880
789765
568317
290199
369152
931358
48156
648232
584531
37289
220854
911430
366874
587290
640878
120335
173000
981301
953573
152093
718730
164017
298076
696605
539346
576230
227971
40179
975208
86693
396992
513621
45408
621142
895856
785227
908825
825312
199622
873873
922088
616268
579887
734295
451658
273641
803791
281323
495810
167923
216459
543568
972165
537063
689236
549086
266985
410670
647136
287460
196200
238740
375867
138487
837868
166764
99537
436054
57772
597782
636976
239515
35790
136139
649173
589064
686868
405552
375932
387463
721672
527251
110400
113667
347728
369455
973639
109542
266622
940824
420889
138662
132035
439495
93343
392754
3236
153610
122293
148751
590357
459563
772247
921991
965432
271894
261084
1094
583172
349834
544265
571584
697801
92061
901429
917351
80984
248275
213757
729911
473561
194130
158854
411460
699367
213675
810501
845128
463627
45703
858944
895740
790797
884184
793276
393217
174795
614813
897758
128096
337356
117735
30982
625732
44344
681714
201318
571211
956683
75774
363881
355919
701104
385622
925965
168514
973639
673044
633198
581337
4760
136460
506674
926003
54847
357739
855593
361117
963225
456092
937012
26658
946617
624107
151772
104152
447957
958032
772719
842693
692834
11597
784826
428239
128558
864056
234621
376726
451624
574437
703263
577070
863328
373557
408523
723727
9967
244953
244136
991943
242750
219414
825939
250649
684024
535232
93610
105110
422631
972573
697658
80099
565145
587126
820840
971918
358186
132867
501912
176225
544990
948341
961073
324121
577974
64042
56092
234141
857203
401725
171047
450248
606541
172229
441920
596248
378891
594578
486324
546805
315530
983544
390665
595183
272046
103161
68479
22336
893342
538706
453115
610873
786659
519753
924289
6009
363174
756485
251758
282277
935042
89405
135811
460778
762931
711982
751828
549338
613807
500221
638173
863130
521082
727103
900749
738527
484568
310734
781697
91457
556061
886792
916275
116494
638708
699601
296975
37808
931726
892369
208112
925423
209009
931556
254965
410499
890245
634531
806646
842534
541585
963684
546710
489514
162070
143293
798997
631005
895823
782756
116871
81585
584834
316350
896567
915124
679546
294447
557879
7450
173635
375009
399406
813511
57219
505944
302159
694540
283214
755537
886273
418072
840869
172448
203155
65120
867995
297376
873544
921541
251831
976285
847568
276421
412832
584374
337723
500493
281637
897746
638593
944246
246627
648733
350225
38692
722162
53018
125285
454290
846197
995539
609255
796835
69654
841393
672046
980621
20424
570295
484144
385925
363448
170650
993237
594638
274317
90962
941254
288512
631509
962387
395378
803355
671039
843568
176156
66846
762462
819616
847950
707393
99968
632487
637188
408734
379467
889884
242404
271818
206614
748530
687122
403955
210645
985185
436141
31737
899004
905478
672728
211012
980795
554790
985871
870504
725342
948700
506202
10270
207859
445149
892527
240405
776340
166473
788559
958730
34962
596806
539183
81370
918124
12593
56926
722126
990881
809804
341227
438441
108607
386292
29352
992968
425065
790291
631942
604640
364546
903442
305168
648817
973173
612529
232044
374848
518826
944420
339754
495220
664676
788749
780226
206838
716695
898914
648563
872133
259832
741210
749212
857848
575343
