189990
989142
494974
39856
456539
429121
719739
411259
298537
5387
345736
438194
891471
147056
837021
951570
364724
511765
978813
718129
60211
950537
723977
368211
290298
282698
701023
495475
266202
34911
43256
154928
458543
491304
936529
269066
321400
57681
758887
256938
666029
482064
408560
110200
21263
185073
487213
276912
500663
205201
304641
335378
336523
559165
995844
750343
455717
954218
940691
340730
566796
593868
18259
217370
2224
634108
483384
922391
223866
522777
325857
494906
122362
806001
370280
262558
470128
293098
735637
274030
30449
428512
772801
180141
826859
76044
945405
968567
10320
25822
299820
337056
67966
90266
153436
328132
553643
959953
508892
893594
321371
32529
295255
106605
477740
975432
601315
620717
41534
663983
49880
567038
656635
737993
339130
478177
617964
305497
528214
247444
265864
223592
952966
751013
799256
522139
240975
508668
355107
121976
762027
852235
875881
495946
885065
116660
121348
419145
769531
885911
85484
830760
426524
111009
312149
89964
740839
871814
834485
950372
894862
475383
520601
623269
660104
791907
623148
28870
52851
694292
370742
31144
330842
625646
279167
971517
38642
743620
327062
576695
936464
183869
394035
422039
709957
977818
983269
212854
648501
461003
939668
218230
273927
150933
378680
654428
416984
474302
475352
596172
267204
218306
192495
110755
196214
112008
656612
866433
577330
465758
95734
354474
196989
702066
518030
140487
191011
232978
467366
957066
908224
764357
743935
678556
14425
522032
402530
295390
223317
316935
489154
483990
655903
701997
973820
28614
634605
687271
567748
812713
197415
335689
941852
679895
307207
959745
689758
260618
744640
14737
65705
66896
799692
192386
566086
333717
565496
584926
690962
570110
42539
396791
374083
451634
607531
387753
427765
55129
840588
735655
211315
997952
497230
358043
735279
412922
4281
6971
129819
164680
691898
408162
174014
411748
569370
959208
954399
14952
874572
757532
753252
161290
657419
202574
271154
483840
837552
878063
482226
973080
361402
118504
653069
950469
811592
597447
635356
466719
684491
626969
885925
64348
756484
150970
993104
46889
535095
691976
893331
66110
389802
301485
901440
66496
198736
28340
862421
943549
26403
984121
851609
946799
84783
285231
669097
186588
261380
238571
784102
137650
514238
393482
611396
797510
301069
726873
470766
325998
280820
700778
755637
759915
702953
85115
938610
407485
680811
907531
957099
299623
978271
239828
339661
91027
223800
767095
56391
608815
17964
42986
906251
607390
899273
434917
875602
70365
547198
698146
882218
880268
422751
538739
777086
446479
278060
502622
291393
912030
99102
679658
739515
577778
411279
636397
169704
925196
410478
424081
558925
617639
264253
647077
520406
468882
645862
831516
932596
922614
74976
388717
197319
982790
206131
963605
498579
582351
191058
215668
438447
882461
164146
782403
160111
126948
157377
133335
824040
8863
527437
614
260982
344737
407605
738271
946035
572927
184182
422805
910690
304452
417319
398990
604845
445998
488420
856031
990393
491801
103165
606676
894154
910714
412584
843356
840283
479371
993636
131060
95757
129085
870299
434371
77504
822314
989363
627823
180561
972599
557662
174077
200725
580667
378502
841674
712531
867396
479127
57849
117797
268148
652744
17545
895799
80083
139511
256175
712766
859612
438733
978875
94214
928448
418627
436931
822677
236319
735239
183416
868816
965793
141038
286653
969289
739038
336260
112851
533657
297333
51028
19044
