156349
13179
476390
197278
495466
666953
920649
779749
536792
83720
48624
851593
243876
126746
95654
499772
761151
132670
551142
374423
77696
3758
177451
977629
228661
636823
396445
692630
127206
846391
359488
554349
398458
575969
138977
400057
300228
789258
179667
735455
922734
556375
510126
52318
105568
221024
951718
635164
918794
600445
839132
760896
414785
430799
487998
690466
418899
23180
612468
470067
855957
94461
873183
11194
427455
280461
606192
197047
964338
935147
278957
110973
763660
25343
454034
206682
115158
584536
604094
8056
975855
809587
617625
984237
116007
732515
487176
132656
932369
732372
759740
148653
325096
599802
417695
457823
407723
793801
675825
336690
175302
972662
633371
47409
575090
163608
62232
65493
357273
906924
350220
597936
302931
730216
455704
835586
683420
964166
144725
988950
722773
150727
779550
893722
633955
188090
438868
643675
610029
328236
668257
435812
665199
779392
66336
748816
554300
686381
190422
738956
94126
509632
228842
720938
133030
533946
228901
733714
725685
178033
192731
289754
46836
510986
535436
417929
618129
307918
198443
717565
648289
248373
463750
530324
155652
612475
221842
282344
350804
103479
526680
269161
247756
165478
176998
221207
780240
44678
924370
779984
225314
208620
256714
898611
304659
594793
642343
275857
297455
779655
886369
472206
300600
208179
769941
329134
789783
485177
516567
447737
523032
325626
378137
44989
656181
359999
421585
796268
794555
441492
583620
53906
348273
594298
286244
865370
881166
677996
757266
56406
5285
485958
875068
741110
803284
447463
63762
134544
865889
735308
261919
234375
162468
865427
49041
133172
140734
698314
216771
752643
534079
546913
456567
38056
759181
598175
99837
311303
654860
88985
109154
584220
717809
485682
745430
503611
729191
62614
430050
280860
539616
526216
363227
940147
833480
114275
105926
896276
384307
605764
779005
932483
117872
70794
737643
98077
886375
698416
303384
846418
100174
898857
342303
981900
509165
217931
269767
994289
302028
992314
482092
868986
753857
465627
596340
840882
88106
28940
715672
860332
583767
211068
641855
70447
203685
773062
365204
388544
211085
844774
285851
852203
427632
298602
117503
778254
280601
981011
795990
224005
813437
458994
808349
463738
655628
749559
979874
595612
815046
968073
611672
535895
987296
634255
97452
284601
849830
137571
588022
813920
506464
369578
551516
852082
799093
589628
730177
840343
578428
427523
70242
505329
550094
236292
760631
161136
759188
498068
317370
17391
126591
530895
947386
451754
576401
790614
724269
34552
498443
38836
595064
489366
619217
627938
166483
821297
617822
416808
819771
462549
93520
704864
905263
167593
194076
668737
990438
25917
114632
912591
761104
727941
746270
805321
185505
623557
780837
636416
853488
213609
672386
290370
208845
738150
238100
699897
97224
991993
78634
96343
577646
205438
916108
241357
398205
498327
251730
109926
808252
899025
704221
773107
471796
214858
749433
358749
208004
235098
227208
78663
121716
708187
756532
741390
345592
625901
538522
6799
33900
597744
978370
1183
601710
780666
879613
622296
846181
800327
103817
779453
106004
649322
844190
682898
447985
69144
323046
601280
165296
236019
38985
660101
591795
17215
455697
255138
983459
883471
480499
323119
179716
150276
415936
855738
731058
315160
141291
111623
285267
675099
899165
186807
805991
276781
258794
727127
932796
402806
989438
669627
546283
189172
244192
463751
330438
449819
373952
272571
860559
514638
