511797
638754
965866
443774
715345
384251
277164
105178
421609
145120
507602
28050
21586
131710
161591
824174
543279
942120
467332
872203
984628
553063
279821
844810
431637
430855
610780
760374
79296
370307
374575
996975
458570
234635
528619
253561
974096
453912
805294
6019
202919
546754
643099
740436
243608
415623
693232
341883
906946
916059
475375
122472
406653
520802
12967
466970
73876
224375
958541
871823
385064
124378
897422
606324
983466
831357
701750
657072
196570
874386
958005
354793
618851
886893
893999
677086
541699
288087
917718
894256
380743
194191
504087
277094
398592
285560
163670
947829
418149
267654
137582
787424
507869
751108
871724
143575
541472
997164
541652
306474
523526
76210
289753
976322
984803
197333
78008
900006
850425
803183
622849
523465
452716
546235
146363
335691
967633
682512
448129
341019
591223
373574
940258
903116
350260
969814
957784
502581
148817
293641
166378
85467
62545
439557
363922
732519
423298
314850
939030
368648
32615
639192
91300
505343
193153
125484
750772
295793
604296
201478
451587
799528
730854
534685
32404
667885
413930
278262
668907
203954
465392
871074
130377
664654
478884
874580
819591
793656
291300
508208
914998
428845
461866
84398
309209
807688
931691
448929
505797
26671
95271
514390
976278
709656
484620
541442
944281
516375
859045
566036
634255
915299
353738
787277
801411
18281
576461
471925
806346
884959
222766
930052
305584
735536
697382
453967
644480
959351
170368
193214
174114
12424
11774
313790
701772
78196
401893
369693
517224
661183
748293
288893
312777
585584
803352
123110
776394
421107
499282
149675
971855
656794
157214
560441
507011
16565
510427
716207
957543
959342
769375
324665
995688
297066
355203
647637
823969
61576
219185
930191
583815
967087
846422
796846
269487
193935
776057
710455
817922
332641
367512
925947
76456
400714
946543
419768
572736
344289
40121
772423
663320
189228
405743
600639
240904
557850
507819
120654
6481
192721
483135
883868
622265
203470
122981
741737
13815
557066
120704
101385
311214
872502
755969
224918
790537
74070
21860
310327
359750
581739
967339
575633
707156
699058
675225
775463
414023
10604
192734
73470
162675
712879
844363
4115
644310
489669
366058
638537
548292
306624
297430
334797
389740
961156
422266
105030
377912
596489
527568
790255
556242
929101
151447
902899
454955
126049
467125
325686
662167
628310
849918
146802
253597
193662
948466
604840
501834
44511
462223
950629
664829
814189
23230
203730
766780
199775
469882
853592
561989
825427
70948
824119
294871
126249
803661
966495
89771
357338
574820
398413
242124
339671
576994
341941
287051
42068
516392
293522
908489
647293
713463
32321
654818
915669
60619
986649
976147
7965
168383
726072
55952
618069
531512
443897
499419
311097
678732
197207
441120
454971
97717
93967
637205
726447
301086
910778
369574
73196
688445
975047
509547
884432
523825
817855
803822
101861
260587
642420
355855
760126
319561
644303
534713
276328
300843
642095
39042
460006
766244
755477
580237
250956
893920
119620
583387
367265
181938
816120
404058
336450
854166
291538
111255
626070
382552
923124
115104
878911
452638
469242
255954
364668
243731
39356
159881
115173
767214
15739
23397
410002
261
807148
625549
686076
9318
259157
783032
791197
690572
392065
432762
379946
856850
498472
291920
325346
364921
271394
447234
594922
700145
671776
100292
841876
756445
690333
954023
117560
119688
791034
794385
685054
987071
601088
721613
411234
638890
139517
786888
374325
