622991
41504
1069
881179
917878
472989
457076
269044
624855
90233
260914
55631
120174
711709
994657
775049
77380
825864
719814
911156
823773
748937
926872
234646
206378
881859
607451
657965
645246
846154
298360
682773
366141
587074
256594
102021
262428
449091
503055
847901
980223
970099
257308
567564
658931
722569
369563
314696
747904
423658
164262
580281
937290
90604
3139
269572
487854
922920
729411
502723
30169
528852
596677
624353
33964
805142
420348
53707
854254
349112
965615
664898
779588
785269
40404
919462
357068
131144
445003
478352
190887
695322
958377
288751
580211
852856
157157
537186
619706
505171
376201
452111
671520
291992
926387
68315
558793
361082
991438
114584
798390
607400
760696
992967
616930
36323
271597
930149
108522
396575
287138
690399
984873
547468
610593
122092
806499
282243
666623
546834
199700
10035
511970
500757
214621
908480
697963
973220
708521
606065
344082
541471
105051
534969
752337
93521
560107
73787
248435
886985
329293
351374
191491
245914
519872
739147
419141
245007
759106
529991
646143
62580
78696
863546
244254
644741
306450
964296
149911
830897
694900
168902
449137
543447
939549
568295
823946
716458
539242
299317
929097
892742
194633
345159
810539
767783
599093
541925
399099
278266
512927
207453
53014
607601
200935
60353
104697
119405
439823
970967
165579
975309
981633
82555
34092
989525
493198
381108
550011
562623
148357
447731
571283
763045
303183
650051
983676
987466
999831
508494
888270
216843
853634
341419
274799
579420
986936
194462
888541
391620
205917
906094
477218
677921
811005
630026
477785
268947
253520
785421
875489
487014
377976
431125
59256
585641
249309
645509
861803
368186
252788
646040
573165
334066
585146
396553
965471
198260
629252
477909
460148
795236
325365
107671
702033
844882
300819
280401
921075
340874
895434
569548
729142
145955
131466
263813
771280
830227
251893
857337
586295
14776
269552
735146
638315
108521
958498
31186
833863
732729
449335
118156
524808
439477
569176
188974
61992
982226
407870
751789
445742
973690
608718
51364
274044
88493
635358
401364
468721
157098
543324
109622
299576
981432
670007
868457
891191
358962
221841
734728
273190
373608
648755
572454
329565
908537
495231
233233
639129
836875
313712
719906
432354
544201
564994
87058
536538
143765
781408
974957
540054
702374
592438
752854
747085
310635
587401
393869
936445
179973
513830
383941
350367
51499
751026
456892
441331
604610
963610
453377
722090
713165
750979
542557
726837
729958
302463
350620
524369
845101
103626
106836
489012
99025
791661
227456
618347
988491
580843
373993
399764
159641
619156
347338
784396
902562
215792
73426
380026
845119
541490
205562
132683
576169
270489
296268
171529
94962
102163
476321
574752
2091
57056
306092
851654
529987
533606
407019
553440
112711
62470
5637
201050
434985
104459
26933
655059
493097
891623
258110
329001
788385
316368
60269
828680
238053
930406
236305
648441
642501
577984
619938
377137
901885
598521
464025
950080
924579
47861
313938
407059
606533
276525
222059
840202
473884
908894
800118
100677
358749
159656
736282
737480
854493
784370
486695
783101
886721
852186
531850
968483
187363
36203
660959
781394
287957
698606
226348
964046
668497
146247
874246
622473
886282
830117
403741
769228
768771
352062
102392
375678
747033
323364
317459
481794
752097
924372
816694
695266
586494
828072
535562
198915
769191
530280
971541
947196
709108
674137
297968
950243
123623
616751
266860
307599
852348
849889
641941
665965
182821
